   , Rank, Player                        , TACKLE, ASSIST, SACK, PD, INT, FF, FR, DEF TD, G , FPTS , FPTS/G, ROST
  0,    1, Budda Baker (ARI)             ,     95,     69,  2.0,  5,   0,  1,  0,      0, 17, 239.1,   14.1, 65.0%
  1,    2, Nick Cross (IND)              ,     86,     59,  1.0,  5,   3,  1,  0,      0, 17, 219.2,   12.9, 49.5%
  2,    3, Brian Branch (DET)            ,     79,     30,  1.0, 16,   4,  1,  0,      0, 16, 213.4,   13.3, 79.1%
  3,    4, Kevin Byard III (CHI)         ,     80,     50,  2.0,  7,   1,  1,  2,      0, 17, 205.9,   12.1, 28.9%
  4,    5, Jessie Bates III (ATL)        ,     62,     40,  1.0, 10,   4,  4,  1,      1, 17, 193.4,   11.4, 49.4%
  5,    6, Julian Love (SEA)             ,     76,     30,  0.0, 12,   3,  2,  1,      0, 17, 189.4,   11.1, 44.8%
  6,    7, Brandon Jones (DEN)           ,     79,     36,  0.0, 10,   3,  1,  1,      0, 16, 188.9,   11.8, 24.2%
  7,    8, Kyle Hamilton (BAL)           ,     77,     30,  2.0,  9,   1,  2,  1,      0, 17, 187.1,   11.0, 64.0%
  8,    9, Derwin James Jr. (LAC)        ,     60,     33,  5.5,  7,   1,  0,  1,      0, 16, 181.7,   11.4, 40.4%
  9,   10, DeShon Elliott (PIT)          ,     72,     36,  0.0,  6,   1,  2,  3,      0, 15, 179.3,   12.0, 22.6%
 10,   11, Alontae Taylor (NO)           ,     61,     28,  4.0, 16,   0,  2,  0,      0, 17, 178.3,   10.5, 12.0%
 11,   12, Byron Murphy Jr. (MIN)        ,     62,     19,  0.0, 14,   6,  1,  0,      0, 17, 177.6,   10.4, 15.2%
 12,   13, Xavier McKinney (GB)          ,     58,     27,  1.0, 11,   8,  0,  1,      0, 17, 177.3,   10.4, 22.4%
 13,   14, Jeremy Chinn (LV)             ,     67,     40,  2.0,  5,   1,  0,  2,      0, 17, 177.1,   10.4, 24.6%
 14,   15, Kerby Joseph (DET)            ,     58,     24,  0.0, 12,   9,  0,  0,      1, 17, 177.0,   10.4, 15.6%
 15,   16, Tre'von Moehrig (CAR)         ,     64,     40,  1.0, 10,   2,  0,  2,      0, 17, 175.9,   10.3, 13.8%
 16,   17, Xavier Woods (TEN)            ,     72,     47,  0.0,  6,   3,  0,  0,      0, 17, 172.7,   10.2, 3.9%
 17,   18, Keisean Nixon (GB)            ,     61,     27,  3.0,  7,   1,  3,  0,      0, 17, 171.7,   10.1, 15.5%
 18,   19, Marlon Humphrey (BAL)         ,     50,     17,  0.5, 15,   6,  2,  0,      1, 16, 169.1,   10.6, 10.3%
 19,   20, Jaylon Jones (IND)            ,     66,     34,  0.0, 12,   2,  1,  0,      0, 17, 164.3,    9.7, 1.2%
 20,   21, Devon Witherspoon (SEA)       ,     66,     32,  1.0,  9,   0,  1,  0,      0, 17, 159.9,    9.4, 18.7%
 21,   22, Grant Delpit (CLE)            ,     66,     42,  1.0,  1,   0,  0,  1,      0, 16, 157.9,    9.9, 15.4%
 22,   23, Quentin Lake (LAR)            ,     73,     38,  2.0,  5,   0,  0,  0,      0, 17, 156.5,    9.2, 15.4%
 23,   24, Cam Bynum (IND)               ,     54,     42,  0.0, 10,   3,  0,  2,      0, 17, 156.0,    9.2, 31.0%
 24,   25, Ja'Quan McMillian (DEN)       ,     61,     20,  1.0, 10,   2,  1,  0,      1, 17, 155.8,    9.2, 2.2%
 25,   26, Mike Sainristil (WAS)         ,     61,     29,  0.0, 14,   2,  1,  1,      0, 17, 155.2,    9.1, 9.8%
 26,   27, Harrison Smith (MIN)          ,     56,     31,  1.0, 10,   3,  0,  1,      0, 16, 153.1,    9.6, 3.7%
 27,   28, Donovan Wilson (DAL)          ,     44,     38,  4.5,  5,   1,  2,  1,      0, 17, 152.4,    9.0, 2.8%
 28,   29, Joshua Metellus (MIN)         ,     63,     40,  0.0,  5,   2,  1,  0,      0, 17, 151.3,    8.9, 24.0%
 29,   30, Cam Taylor-Britt (CIN)        ,     58,     19,  0.5, 16,   3,  0,  0,      1, 17, 151.3,    8.9, 4.7%
 30,   31, Zyon McCollum (TB)            ,     55,     27,  0.0, 17,   2,  0,  1,      0, 17, 145.2,    8.5, 3.9%
 31,   32, Kenny Moore II (IND)          ,     51,     27,  0.5,  7,   3,  0,  1,      1, 15, 144.6,    9.6, 6.6%
 32,   33, Justin Reid (NO)              ,     59,     26,  0.0,  9,   2,  0,  0,      0, 16, 144.5,    9.0, 4.6%
 33,   34, Mike Jackson Sr. (CAR)        ,     58,     18,  0.0, 17,   2,  0,  0,      0, 17, 144.0,    8.5, 1.5%
 34,   35, Amani Hooker (TEN)            ,     46,     24,  0.0,  9,   5,  2,  0,      0, 14, 143.8,   10.3, 7.5%
 35,   36, Jack Jones (MIA)              ,     52,     17,  0.0, 16,   3,  0,  0,      1, 17, 143.7,    8.5, 2.0%
 36,   37, Deommodore Lenoir (SF)        ,     53,     32,  0.0,  9,   2,  1,  0,      0, 15, 142.2,    9.5, 7.3%
 37,   38, Riley Moss (DEN)              ,     65,     21,  0.0,  8,   1,  1,  1,      0, 14, 141.0,   10.1, 1.5%
 38,   39, Julian Blackmon (NO)          ,     62,     24,  0.5,  4,   3,  0,  1,      0, 16, 140.7,    8.8, 1.4%
 39,   40, Jalen Thompson (ARI)          ,     61,     37,  0.0,  3,   0,  0,  2,      0, 15, 139.7,    9.3, 6.6%
 40,   41, Damar Hamlin (BUF)            ,     61,     27,  0.0,  5,   2,  0,  1,      0, 14, 138.4,    9.9, 1.0%
 41,   42, Minkah Fitzpatrick (MIA)      ,     62,     34,  0.0,  4,   1,  1,  0,      0, 17, 136.4,    8.0, 12.8%
 42,   43, Tyler Nubin (NYG)             ,     57,     40,  0.0,  1,   0,  1,  1,      0, 13, 135.4,   10.4, 14.0%
 43,   44, Geno Stone (CIN)              ,     47,     34,  0.0,  6,   4,  0,  1,      1, 17, 135.4,    8.0, 1.8%
 44,   45, Mike Hilton (FA)              ,     50,     23,  0.0,  5,   1,  0,  0,      0, 16, 135.3,    8.5, 0.6%
 45,   46, Tyrique Stevenson (CHI)       ,     50,     25,  0.0, 12,   2,  1,  0,      1, 16, 134.6,    8.4, 5.7%
 46,   47, Kam Curl (LAR)                ,     49,     30,  1.0,  9,   0,  2,  1,      1, 16, 134.4,    8.4, 7.4%
 47,   48, C.J. Gardner-Johnson (HOU)    ,     35,     24,  0.0, 12,   6,  1,  0,      1, 16, 134.0,    8.4, 4.7%
 48,   49, Kyle Dugger (NE)              ,     54,     25,  1.0,  4,   0,  1,  0,      0, 13, 133.9,   10.3, 7.9%
 49,   50, Jaycee Horn (CAR)             ,     49,     19,  2.0, 13,   1,  0,  0,      0, 15, 133.1,    8.9, 2.4%
 50,   51, Christian Benford (BUF)       ,     49,     14,  1.0, 10,   2,  2,  1,      0, 15, 132.9,    8.9, 3.8%
 51,   52, Chamarri Conner (KC)          ,     53,     17,  1.0,  4,   2,  0,  1,      1, 15, 132.7,    8.8, 4.6%
 52,   53, Dee Alford (ATL)              ,     59,     21,  1.0, 11,   0,  1,  0,      0, 16, 131.8,    8.2, 0.8%
 53,   54, Reed Blankenship (PHI)        ,     52,     26,  0.0,  6,   4,  0,  1,      0, 15, 130.9,    8.7, 11.6%
 54,   55, Derek Stingley Jr. (HOU)      ,     37,     17,  0.0, 18,   5,  0,  0,      0, 17, 130.6,    7.7, 8.1%
 55,   56, Isaiah Pola-Mao (LV)          ,     55,     30,  1.0,  5,   0,  2,  0,      0, 17, 130.0,    7.6, 7.0%
 56,   57, Martin Emerson Jr. (CLE)      ,     62,     18,  0.0,  5,   0,  1,  1,      0, 17, 130.0,    7.6, 0.8%
 57,   58, Jarvis Brownlee Jr. (TEN)     ,     45,     29,  0.0,  9,   1,  0,  1,      0, 17, 129.8,    7.6, 1.6%
 58,   59, Montaric Brown (JAC)          ,     55,     20,  0.0,  8,   1,  0,  0,      0, 17, 129.8,    7.6, 0.9%
 59,   60, Trent McDuffie (KC)           ,     45,     14,  0.5, 13,   2,  1,  0,      0, 16, 128.9,    8.1, 7.5%
 60,   61, Kyler Gordon (CHI)            ,     48,     27,  0.5,  5,   0,  1,  3,      0, 15, 128.2,    8.5, 2.1%
 61,   62, Tarheeb Still (LAC)           ,     45,     17,  0.5, 10,   4,  0,  0,      1, 14, 126.0,    9.0, 1.2%
 62,   63, Taylor Rapp (BUF)             ,     48,     34,  0.0,  6,   2,  1,  0,      0, 14, 125.9,    9.0, 3.4%
 63,   64, Brandon Stephens (NYJ)        ,     59,     11,  1.5, 10,   0,  0,  0,      0, 17, 125.6,    7.4, 1.2%
 64,   65, Jason Pinnock (SF)            ,     50,     35,  3.0,  1,   0,  0,  0,      0, 16, 125.1,    7.8, 0.8%
 65,   66, Malik Hooker (DAL)            ,     51,     30,  0.0,  5,   2,  0,  0,      0, 17, 124.5,    7.3, 1.0%
 66,   67, Taron Johnson (BUF)           ,     42,     23,  1.0,  5,   2,  1,  1,      2, 12, 124.5,   10.4, 7.5%
 67,   68, Dru Phillips (NYG)            ,     46,     25,  1.0,  1,   1,  2,  0,      0, 14, 124.2,    8.9, 1.8%
 68,   69, Elijah Molden (LAC)           ,     40,     32,  0.0,  7,   3,  0,  2,      0, 15, 122.9,    8.2, 0.8%
 69,   70, Tyrann Mathieu (FA)           ,     47,     15,  0.0,  7,   3,  2,  1,      0, 17, 122.0,    7.2, 0.7%
 70,   71, Eric Murray (JAC)             ,     49,     25,  1.0, 10,   1,  0,  0,      0, 17, 121.7,    7.2, 2.2%
 71,   72, Coby Bryant (SEA)             ,     45,     23,  0.0,  6,   3,  1,  0,      1, 16, 121.6,    7.6, 2.5%
 72,   73, Ar'Darius Washington (BAL)    ,     43,     19,  1.0,  8,   2,  1,  0,      0, 17, 121.4,    7.1, 0.7%
 73,   74, Christian Gonzalez (NE)       ,     50,      9,  0.0, 11,   2,  0,  1,      1, 16, 120.9,    7.6, 6.2%
 74,   75, Quan Martin (WAS)             ,     49,     32,  0.0,  3,   1,  2,  0,      0, 16, 120.4,    7.5, 2.9%
 75,   76, Jalen Ramsey (PIT)            ,     39,     21,  1.0, 11,   2,  0,  0,      0, 17, 120.1,    7.1, 6.5%
 76,   77, Jourdan Lewis (JAC)           ,     39,     32,  1.0,  8,   1,  1,  1,      0, 16, 119.3,    7.5, 3.7%
 77,   78, Bryan Cook (KC)               ,     54,     23,  0.0,  5,   2,  0,  0,      0, 17, 118.5,    7.0, 1.0%
 78,   79, Ugo Amadi (NO)                ,     50,     13,  2.0,  7,   0,  0,  0,      0, 11, 118.4,   10.8, 0.9%
 79,   80, Jalen Pitre (HOU)             ,     44,     21,  0.0,  8,   1,  1,  0,      0, 12, 118.0,    9.8, 15.7%
 80,   81, D.J. Reed Jr. (DET)           ,     52,     12,  1.0, 11,   0,  0,  0,      0, 14, 117.8,    8.4, 1.9%
 81,   82, Javon Bullard (GB)            ,     57,     28,  0.0,  1,   0,  0,  1,      0, 15, 117.4,    7.8, 1.8%
 82,   83, Carlton Davis III (NE)        ,     42,     14,  0.0, 11,   2,  1,  2,      0, 13, 117.2,    9.0, 2.2%
 83,   84, Denzel Ward (CLE)             ,     41,      8,  0.0, 19,   2,  1,  1,      0, 16, 116.8,    7.3, 2.1%
 84,   85, Jordan Poyer (BUF)            ,     51,     47,  0.0,  3,   0,  0,  0,      0, 16, 116.6,    7.3, 0.6%
 85,   86, Christian Izien (TB)          ,     48,     27,  0.0,  3,   1,  1,  0,      0, 14, 115.9,    8.3, 0.7%
 86,   87, Ji'Ayir Brown (SF)            ,     48,     29,  0.0,  6,   1,  0,  0,      0, 17, 115.7,    6.8, 1.7%
 87,   88, Tony Adams (NYJ)              ,     41,     41,  1.0,  6,   1,  0,  0,      0, 14, 115.7,    8.3, 4.5%
 88,   89, Will Harris (WAS)             ,     54,     19,  0.0,  5,   1,  0,  0,      0, 14, 115.6,    8.3, 3.1%
 89,   90, Kamari Lassiter (HOU)         ,     42,     16,  0.0, 10,   3,  0,  0,      0, 14, 115.3,    8.2, 1.7%
 90,   91, Jaylon Johnson (CHI)          ,     42,     11,  0.0,  8,   2,  1,  0,      0, 17, 115.2,    6.8, 0.9%
 91,   92, Benjamin St-Juste (LAC)       ,     56,     15,  0.0,  7,   0,  1,  1,      0, 17, 114.0,    6.7, 0.7%
 92,   93, Joey Porter Jr. (PIT)         ,     53,     17,  0.0,  7,   1,  0,  0,      0, 16, 113.3,    7.1, 3.2%
 93,   94, Pat Surtain II (DEN)          ,     34,     11,  0.0, 11,   4,  1,  1,      1, 17, 112.5,    6.6, 16.9%
 94,   95, Kamren Kinchens (LAR)         ,     36,     21,  0.0,  6,   4,  1,  0,      1, 16, 111.6,    7.0, 2.1%
 95,   96, A.J. Terrell Jr. (ATL)        ,     50,     16,  0.0,  6,   2,  0,  0,      0, 17, 111.4,    6.6, 1.2%
 96,   97, P.J. Locke (DEN)              ,     49,     24,  1.0,  2,   0,  1,  0,      0, 15, 110.4,    7.4, 0.7%
 97,   98, Tykee Smith (TB)              ,     37,     16,  0.0,  7,   2,  3,  0,      0, 13, 110.3,    8.5, 8.0%
 98,   99, Calen Bullock (HOU)           ,     35,     16,  0.0, 11,   5,  0,  1,      0, 17, 110.2,    6.5, 1.4%
 99,  100, Mike Hughes (ATL)             ,     51,     15,  0.0,  6,   0,  0,  0,      0, 15, 107.0,    7.1, 1.0%
100,  101, Marcus Jones (NE)             ,     48,     10,  0.0, 10,   1,  0,  1,      0, 14, 106.3,    7.6, 12.9%
101,  102, Jordan Whitehead (FA)         ,     49,     30,  0.0,  3,   0,  0,  0,      0, 12, 105.9,    8.8, 1.7%
102,  103, Roger McCreary (TEN)          ,     43,      7,  1.0,  1,   0,  0,  0,      0, 15, 105.4,    7.0, 0.7%
103,  104, Renardo Green (SF)            ,     40,     20,  0.0, 13,   1,  1,  0,      0, 17, 104.0,    6.1, 4.7%
104,  105, Paulson Adebo (NYG)           ,     43,      9,  0.0, 10,   3,  0,  0,      0,  7, 103.9,   14.8, 26.8%
105,  106, Amik Robertson (DET)          ,     40,     10,  0.0,  8,   0,  3,  0,      0, 17, 101.8,    6.0, 0.7%
106,  107, Garrett Williams (ARI)        ,     40,     18,  0.0,  9,   2,  1,  0,      0, 16, 101.3,    6.3, 0.8%
107,  108, Darius Slay Jr. (PIT)         ,     39,     10,  0.0, 13,   0,  1,  1,      0, 14, 101.3,    7.2, 1.3%
108,  109, Andre Cisco (NYJ)             ,     43,     24,  0.0,  7,   1,  0,  0,      0, 16, 100.7,    6.3, 0.9%
109,  110, Antonio Johnson (JAC)         ,     54,     18,  0.0,  2,   0,  0,  0,      0, 17, 100.3,    5.9, 0.9%
110,  111, Rasul Douglas (MIA)           ,     43,     15,  0.0,  5,   0,  1,  0,      0, 15, 100.0,    6.7, 0.6%
111,  112, Cooper DeJean (PHI)           ,     37,     13,  0.5,  6,   0,  1,  3,      0, 16,  99.9,    6.2, 22.5%
112,  113, Sean Murphy-Bunting (ARI)     ,     30,     22,  0.0,  5,   3,  2,  0,      0, 15,  99.9,    6.7, 0.8%
113,  114, Terrion Arnold (DET)          ,     47,     13,  0.0, 10,   0,  0,  1,      0, 16,  99.5,    6.2, 1.4%
114,  115, Justin Simmons (FA)           ,     36,     26,  0.0,  7,   2,  0,  0,      0, 16,  99.4,    6.2, 0.6%
115,  116, Riq Woolen (SEA)              ,     32,     14,  0.0, 14,   3,  1,  0,      0, 15,  98.7,    6.6, 1.4%
116,  117, Antoine Winfield Jr. (TB)     ,     34,     26,  2.0,  3,   0,  0,  1,      1,  9,  98.2,   10.9, 36.0%
117,  118, Chuck Clark (PIT)             ,     38,     31,  1.0,  2,   0,  1,  1,      0, 12,  98.1,    8.2, 0.7%
118,  119, Jamel Dean (TB)               ,     45,     14,  0.0,  7,   1,  1,  0,      0, 12,  97.8,    8.2, 2.3%
119,  120, Jevon Holland (NYG)           ,     42,     20,  1.0,  4,   0,  1,  0,      0, 15,  97.4,    6.5, 2.8%
120,  121, Kader Kohou (MIA)             ,     33,     12,  0.0,  8,   2,  1,  1,      0, 15,  96.2,    6.4, 0.9%
121,  122, Cam Lewis (BUF)               ,     44,     18,  0.0,  4,   1,  0,  0,      0, 17,  95.8,    5.6, 0.6%
122,  123, Donte Jackson (LAC)           ,     28,     10,  0.0,  8,   5,  0,  1,      0, 15,  95.7,    6.4, 1.7%
123,  124, Malik Mustapha (SF)           ,     31,     40,  0.0,  5,   1,  0,  0,      0, 16,  94.3,    5.9, 0.8%
124,  125, Stephon Gilmore (FA)          ,     40,     16,  0.0,  9,   1,  0,  0,      0, 15,  93.4,    6.2, 1.0%
125,  126, Deonte Banks (NYG)            ,     39,     13,  0.0, 12,   0,  1,  0,      0, 14,  93.0,    6.6, 0.8%
126,  127, Jonathan Jones (WAS)          ,     41,     17,  0.0,  6,   0,  2,  0,      0, 17,  91.4,    5.4, 0.7%
127,  128, Kristian Fulton (KC)          ,     39,     12,  0.0,  7,   1,  0,  0,      0, 14,  90.7,    6.5, 1.2%
128,  129, Tyson Campbell (JAC)          ,     42,     17,  0.0,  6,   0,  0,  0,      0, 12,  90.0,    7.5, 1.0%
129,  130, Beanie Bishop Jr. (PIT)       ,     25,     14,  0.5,  7,   4,  0,  1,      0, 16,  89.9,    5.6, 0.7%
130,  131, Sauce Gardner (NYJ)           ,     36,     13,  1.0,  9,   1,  0,  0,      0, 15,  89.0,    5.9, 9.6%
131,  132, Cor'Dale Flott (NYG)          ,     36,     17,  0.0,  7,   1,  0,  0,      0, 14,  87.7,    6.3, 0.9%
132,  133, Darnell Savage Jr. (FA)       ,     40,     11,  0.0,  6,   1,  0,  0,      0, 13,  87.4,    6.7, 0.8%
133,  134, Rayshawn Jenkins (CLE)        ,     33,     19,  2.0,  0,   0,  0,  1,      1, 13,  87.0,    6.7, 0.8%
134,  135, Isaiah Oliver (NYJ)           ,     41,     15,  1.0,  3,   0,  0,  0,      0, 17,  86.7,    5.1, 0.7%
135,  136, Cobie Durant (LAR)            ,     28,     12,  1.0,  8,   1,  1,  0,      0, 15,  86.2,    5.7, 0.9%
136,  137, Trevon Diggs (DAL)            ,     35,      7,  0.0, 11,   2,  0,  0,      0, 11,  84.5,    7.7, 3.3%
137,  138, Jonathan Owens (CHI)          ,     28,     18,  0.0,  2,   1,  1,  2,      0, 12,  84.2,    7.0, 0.7%
138,  139, Ronald Darby (FA)             ,     36,     10,  0.0,  9,   0,  0,  0,      0, 13,  82.8,    6.4, 0.7%
139,  140, Kendall Fuller (FA)           ,     37,     13,  0.0,  7,   0,  0,  1,      0, 11,  82.5,    7.5, 0.8%
140,  141, Charvarius Ward (IND)         ,     38,     16,  0.0,  7,   0,  0,  0,      0, 12,  82.3,    6.9, 2.6%
141,  142, Isaac Yiadom (NO)             ,     36,      8,  0.0,  6,   1,  1,  1,      0, 16,  82.2,    5.1, 0.7%
142,  143, Dane Belton (NYG)             ,     25,     25,  1.0,  6,   1,  1,  0,      0, 15,  81.0,    5.4, 5.8%
143,  144, Quinyon Mitchell (PHI)        ,     37,      9,  0.0, 12,   0,  0,  0,      0, 16,  80.7,    5.0, 2.6%
144,  145, Alohi Gilman (LAC)            ,     34,     16,  1.0,  4,   1,  0,  0,      0, 11,  80.7,    7.3, 6.8%
145,  146, Jarrian Jones (JAC)           ,     30,     10,  2.0,  8,   1,  0,  0,      0, 17,  80.4,    4.7, 0.7%
146,  147, Jaylen McCollough (LAR)       ,     24,     16,  0.0,  4,   4,  0,  0,      1, 16,  80.2,    5.0, 1.1%
147,  148, Noah Igbinoghene (WAS)        ,     33,     22,  0.0,  7,   0,  0,  0,      0, 17,  79.4,    4.7, 1.9%
148,  149, Nazeeh Johnson (KC)           ,     31,     22,  1.0,  3,   0,  0,  0,      0, 16,  79.3,    5.0, 0.8%
149,  150, Jordan Battle (CIN)           ,     31,     22,  0.0,  3,   1,  0,  1,      0, 15,  79.2,    5.3, 24.1%
150,  151, Nate Hobbs (GB)               ,     33,     16,  0.0,  5,   1,  0,  0,      0, 11,  79.2,    7.2, 3.4%
151,  152, Clark Phillips III (ATL)      ,     27,      8,  0.0,  5,   1,  2,  1,      0, 16,  78.8,    4.9, 1.4%
152,  153, Shaquill Griffin (SEA)        ,     33,      8,  0.0,  6,   2,  0,  0,      0, 15,  77.3,    5.2, 0.6%
153,  154, Nate Wiggins (BAL)            ,     24,      8,  0.0, 13,   1,  1,  0,      1, 15,  76.7,    5.1, 1.9%
154,  155, Darious Williams (LAR)        ,     31,     14,  0.0,  7,   1,  0,  0,      0, 12,  75.3,    6.3, 4.4%
155,  156, Rodney McLeod Jr. (FA)        ,     26,     10,  0.0,  5,   0,  0,  1,      1, 15,  75.3,    5.0, 1.2%
156,  157, Starling Thomas V (ARI)       ,     31,     16,  0.0,  6,   0,  1,  0,      0, 17,  74.5,    4.4, 0.6%
157,  158, Evan Williams (GB)            ,     30,     17,  0.0,  3,   1,  1,  0,      0, 12,  74.0,    6.2, 2.0%
158,  159, Max Melton (ARI)              ,     31,     14,  0.0,  5,   0,  1,  0,      0, 17,  73.8,    4.3, 0.8%
159,  160, Vonn Bell (FA)                ,     21,     30,  0.0,  2,   1,  1,  1,      0, 16,  72.9,    4.6, 0.9%
160,  161, Daryl Worley (FA)             ,     28,     24,  0.0,  2,   1,  1,  0,      0,  8,  72.2,    9.0, 1.0%
161,  162, Jaquan Brisker (CHI)          ,     23,     17,  1.0,  2,   1,  1,  0,      0,  6,  70.8,   11.8, 32.8%
162,  163, Jordan Howden (NO)            ,     26,     21,  0.0,  2,   2,  0,  0,      0, 17,  70.5,    4.1, 0.9%
163,  164, Samuel Womack III (TEN)       ,     26,     10,  0.0,  9,   2,  0,  0,      0, 16,  70.3,    4.4, 2.6%
164,  165, Brandin Echols (PIT)          ,     28,      8,  0.0,  3,   2,  0,  1,      0, 12,  69.1,    5.8, 6.7%
165,  166, Demani Richardson (CAR)       ,     27,     23,  0.0,  2,   1,  0,  0,      0, 10,  68.4,    6.8, 0.8%
166,  167, Kool-Aid McKinstry (NO)       ,     31,     10,  0.0,  6,   0,  0,  0,      0, 14,  68.4,    4.9, 1.4%
167,  168, DaRon Bland (DAL)             ,     29,     12,  0.0,  5,   0,  1,  1,      0,  7,  68.2,    9.7, 10.6%
168,  169, Ashtyn Davis (MIA)            ,     24,      8,  0.0,  2,   2,  0,  0,      0, 10,  67.7,    6.8, 12.7%
169,  170, Juan Thornhill (PIT)          ,     31,     18,  0.0,  3,   0,  0,  0,      0, 12,  67.3,    5.6, 0.8%
170,  171, Jordan Fuller (ATL)           ,     28,     26,  0.0,  1,   0,  1,  0,      0, 10,  67.2,    6.7, 1.2%
171,  172, Jalen Mills (HOU)             ,     17,     27,  0.0,  6,   1,  1,  0,      0,  9,  66.5,    7.4, 1.6%
172,  173, Josh Jobe (SEA)               ,     29,      8,  0.0,  7,   1,  0,  0,      0, 10,  65.1,    6.5, 0.7%
173,  174, Jaylinn Hawkins (NE)          ,     25,     18,  0.0,  1,   0,  0,  1,      0, 16,  64.3,    4.0, 2.4%
174,  175, Cam Hart (LAC)                ,     27,      9,  0.5,  7,   0,  1,  0,      0, 12,  64.0,    5.3, 0.6%
175,  176, Jaden Hicks (KC)              ,     19,      5,  0.0,  5,   3,  0,  0,      0, 15,  62.4,    4.2, 6.3%
176,  177, Dadrion Taylor-Demerson (ARI) ,     22,     13,  0.0,  5,   0,  1,  0,      0, 15,  62.0,    4.1, 0.7%
177,  178, Ronnie Hickman Jr. (CLE)      ,     26,     19,  0.0,  1,   0,  0,  1,      0, 14,  61.5,    4.4, 0.6%
178,  179, Jabrill Peppers (PIT)         ,     20,     19,  0.0,  2,   1,  1,  0,      0,  6,  61.5,   10.3, 5.7%
179,  180, Decamerion Richardson (LV)    ,     27,     18,  0.0,  3,   0,  0,  0,      0, 11,  61.2,    5.6, 2.8%
180,  181, Carrington Valentine (GB)     ,     16,     14,  0.0,  5,   2,  2,  0,      0, 13,  60.2,    4.6, 0.7%
181,  182, Ahkello Witherspoon (LAR)     ,     25,      5,  0.0,  9,   1,  0,  0,      0, 13,  59.9,    4.6, 1.4%
182,  183, Josh Newton (CIN)             ,     25,      4,  0.0,  7,   1,  0,  0,      0, 15,  58.7,    3.9, 0.6%
183,  184, Darrell Baker Jr. (TEN)       ,     28,      8,  0.0,  5,   0,  0,  0,      0, 17,  58.2,    3.4, 0.7%
184,  185, Quandre Diggs (TEN)           ,     35,      7,  0.0,  0,   0,  0,  0,      0,  8,  58.0,    7.3, 0.6%
185,  186, Chau Smith-Wade (CAR)         ,     22,     14,  0.0,  1,   1,  1,  0,      0, 11,  56.6,    5.1, 0.7%
186,  187, Marcus Maye (FA)              ,     17,     23,  0.0,  3,   1,  0,  0,      0, 12,  55.1,    4.6, 0.0%
187,  188, Marcus Williams (FA)          ,     26,      7,  0.0,  2,   0,  0,  1,      0,  9,  54.0,    6.0, 2.4%
188,  189, Jaire Alexander (BAL)         ,     15,      1,  0.0,  7,   2,  0,  1,      1,  6,  53.8,    9.0, 1.6%
189,  190, Ja'Marcus Ingram (BUF)        ,     12,      6,  1.0,  4,   2,  0,  0,      1, 14,  53.7,    3.8, 0.8%
190,  191, DJ Turner II (CIN)            ,     24,      4,  0.0,  8,   0,  0,  0,      0, 11,  53.6,    4.9, 1.2%
191,  192, Joshua Williams (KC)          ,     17,     13,  1.0,  6,   0,  0,  0,      0, 14,  53.4,    3.8, 2.6%
192,  193, Eric Stokes (LV)              ,     29,     12,  0.0,  0,   0,  0,  0,      0, 17,  52.8,    3.1, 0.6%
193,  194, Adoree' Jackson (PHI)         ,     18,     10,  0.0,  5,   0,  1,  1,      0, 13,  52.8,    4.1, 2.1%
194,  195, Marshon Lattimore (WAS)       ,     25,      9,  0.0,  5,   0,  0,  0,      0,  9,  51.9,    5.8, 1.1%
195,  196, Amani Oruwariye (FA)          ,     23,      6,  0.0,  3,   1,  0,  0,      0,  7,  51.1,    7.3, 0.1%
196,  197, Percy Butler (WAS)            ,     22,     15,  0.0,  1,   0,  0,  0,      0, 17,  51.0,    3.0, 0.9%
197,  198, Elijah Hicks (CHI)            ,     20,     13,  0.0,  2,   0,  0,  2,      0, 11,  50.9,    4.6, 0.6%
198,  199, Greg Newsome II (CLE)         ,     24,      3,  0.0,  5,   1,  0,  0,      0, 13,  50.9,    3.9, 0.6%
199,  200, Jaylen Watson (KC)            ,     21,     11,  0.0,  6,   0,  0,  0,      0,  6,  48.9,    8.2, 1.0%
200,  201, Talanoa Hufanga (DEN)         ,     20,     18,  0.0,  0,   0,  0,  0,      0,  8,  48.7,    6.1, 12.6%
201,  202, Storm Duck (MIA)              ,     21,     11,  0.0,  4,   0,  0,  0,      0, 12,  48.5,    4.0, 1.3%
202,  203, Chris Roland-Wallace (KC)     ,     20,      9,  0.0,  1,   1,  0,  0,      0, 11,  48.4,    4.4, 0.0%
203,  204, Damontae Kazee (CLE)          ,     22,      9,  0.0,  2,   1,  0,  0,      0, 12,  47.9,    4.0, 0.6%
204,  205, Cole Bishop (BUF)             ,     22,     12,  0.0,  2,   0,  0,  0,      0, 14,  47.6,    3.4, 1.5%
205,  206, Chidobe Awuzie (BAL)          ,     17,      9,  0.0,  4,   1,  1,  0,      0,  8,  47.5,    5.9, 0.9%
206,  207, Darnay Holmes (LV)            ,     14,     16,  1.0,  3,   0,  0,  0,      0,  9,  46.8,    5.2, 0.7%
207,  208, Josh Hayes (TB)               ,     19,     11,  0.0,  3,   0,  0,  1,      0, 11,  45.4,    4.1, 1.0%
208,  209, Mike Brown (TEN)              ,     20,     18,  0.0,  1,   0,  0,  0,      0, 15,  45.3,    3.0, 1.0%
209,  210, Caelen Carson (DAL)           ,     24,      3,  0.0,  4,   0,  0,  0,      0,  5,  44.4,    8.9, 0.6%
210,  211, Kaiir Elam (DAL)              ,     17,      8,  0.0,  2,   0,  0,  1,      0,  8,  43.7,    5.5, 0.9%
211,  212, Dax Hill (CIN)                ,     20,      5,  1.0,  2,   0,  0,  0,      0,  5,  43.4,    8.7, 9.2%
212,  213, Troy Hill (FA)                ,     20,     12,  0.0,  1,   0,  0,  0,      0,  6,  43.2,    7.2, 1.0%
213,  214, Jakorian Bennett (PHI)        ,     15,     11,  0.0,  8,   0,  0,  0,      0, 10,  42.9,    4.3, 0.7%
214,  215, Dell Pettus (NE)              ,     16,     12,  1.0,  2,   0,  0,  0,      0, 16,  42.7,    2.7, 6.8%
215,  216, Michael Carter II (NYJ)       ,     20,      4,  0.0,  1,   0,  0,  1,      0, 13,  41.1,    3.2, 4.6%
216,  217, Isaiah Rodgers Sr. (MIN)      ,     17,      7,  0.0,  4,   0,  1,  0,      0, 12,  40.9,    3.4, 1.2%
217,  218, Josh Butler (DAL)             ,     17,      4,  1.0,  5,   0,  0,  0,      0,  4,  40.1,   10.0, 0.7%
218,  219, Eddie Jackson (FA)            ,     18,     12,  0.0,  1,   0,  0,  0,      0, 10,  40.1,    4.0, 1.0%
219,  220, Levi Wallace (FA)             ,     20,      8,  0.0,  2,   0,  0,  0,      0, 11,  39.3,    3.6, 0.1%
220,  221, Ja'Sir Taylor (LAC)           ,     12,      9,  0.0,  5,   0,  0,  1,      0, 14,  39.0,    2.8, 0.8%
221,  222, Tristin McCollum (LV)         ,     16,     14,  0.0,  2,   0,  0,  0,      0, 10,  37.7,    3.8, 0.7%
222,  223, Cory Trice Jr. (PIT)          ,     15,      6,  0.0,  2,   1,  0,  0,      0,  6,  37.5,    6.3, 1.0%
223,  224, L'Jarius Sneed (TEN)          ,     19,      4,  0.0,  0,   0,  0,  0,      0,  6,  36.7,    6.1, 4.3%
224,  225, Tre'Davious White (BUF)       ,     16,      6,  0.0,  5,   0,  0,  0,      0, 11,  36.2,    3.3, 0.7%
225,  226, Tony Jefferson II (LAC)       ,     17,     10,  0.0,  0,   0,  0,  0,      0,  6,  35.7,    6.0, 0.6%
226,  227, Terell Smith (CHI)            ,     14,      1,  0.0,  4,   1,  0,  0,      0, 11,  35.3,    3.2, 0.9%
227,  228, Cameron Mitchell (CLE)        ,     16,      7,  0.0,  2,   0,  0,  0,      0, 17,  35.0,    2.1, 0.6%
228,  229, Devon Key (DEN)               ,     12,     13,  1.0,  0,   0,  0,  0,      0, 15,  34.5,    2.3, 0.6%
229,  230, Dane Jackson (BUF)            ,     15,      8,  0.0,  2,   0,  0,  0,      0,  8,  34.2,    4.3, 0.6%
230,  231, Thomas Harper (DET)           ,      8,     10,  0.5,  2,   1,  0,  1,      0, 14,  33.7,    2.4, 0.6%
231,  232, Nick Scott (CAR)              ,     14,     12,  0.0,  2,   0,  0,  0,      0,  8,  33.2,    4.2, 0.8%
232,  233, Tre Brown (LAR)               ,     19,      4,  0.0,  1,   0,  0,  0,      0, 10,  33.1,    3.3, 0.6%
233,  234, Chris Board (NYG)             ,     10,     10,  1.0,  1,   0,  0,  0,      0, 13,  33.0,    2.5, 1.0%
234,  235, Chris Lammons (IND)           ,      8,      2,  1.0,  0,   0,  1,  2,      0,  6,  32.1,    5.4, 0.0%
235,  236, Israel Mukuamu (CAR)          ,     10,      5,  0.0,  2,   2,  0,  0,      0, 16,  31.8,    2.0, 0.6%
236,  237, Amari Burney (FA)             ,      8,      5,  1.0,  0,   0,  1,  0,      0, 12,  31.4,    2.6, 1.0%
237,  238, Marcus Epps (PHI)             ,     16,      3,  0.0,  0,   0,  0,  0,      0,  3,  31.3,   10.4, 0.6%
238,  239, Nick McCloud (CHI)            ,     13,     10,  0.0,  1,   0,  0,  0,      0, 11,  31.2,    2.8, 1.0%
239,  240, Kaevon Merriweather (TB)      ,     11,      4,  1.0,  1,   0,  0,  1,      0, 11,  29.1,    2.6, 0.6%
240,  241, Avonte Maddox (DET)           ,      8,     11,  0.0,  5,   0,  0,  0,      0, 14,  28.0,    2.0, 0.6%
241,  242, Johnathan Abram (FA)          ,     10,      6,  0.0,  2,   1,  0,  0,      0,  3,  27.6,    9.2, 1.0%
242,  243, Kei'Trel Clark (ARI)          ,      6,      5,  1.0,  1,   1,  0,  0,      0, 12,  25.9,    2.2, 0.7%
243,  244, James Pierre (PIT)            ,      8,      4,  0.0,  3,   1,  0,  0,      0, 13,  24.6,    1.9, 0.6%
244,  245, James Williams Sr. (TEN)      ,     13,      6,  0.0,  0,   0,  0,  0,      0, 10,  24.1,    2.4, 1.0%
245,  246, Theo Jackson (MIN)            ,      8,      3,  0.0,  3,   1,  0,  0,      0, 11,  23.8,    2.2, 1.8%
246,  247, Richie Grant (FA)             ,     10,      1,  0.0,  2,   0,  0,  0,      0, 11,  23.8,    2.2, 0.6%
247,  248, Marco Wilson (CIN)            ,     10,      7,  0.0,  2,   0,  0,  0,      0, 15,  23.5,    1.6, 0.6%
248,  249, Alex Austin (NE)              ,      8,      1,  0.0,  5,   0,  0,  0,      0,  6,  22.8,    3.8, 0.1%
249,  250, Kindle Vildor (TB)            ,     10,      4,  0.0,  3,   0,  0,  0,      0,  8,  22.6,    2.8, 3.0%
250,  251, Tyrek Funderburk (MIN)        ,      9,      4,  0.0,  1,   0,  1,  0,      0,  6,  22.1,    3.7, 2.3%
251,  252, Andrew Wingard (JAC)          ,      7,      7,  0.0,  4,   0,  0,  0,      0,  7,  21.8,    3.1, 0.9%
252,  253, Cam Smith (MIA)               ,     13,      3,  0.0,  0,   0,  0,  0,      0,  6,  21.8,    3.6, 0.1%
253,  254, Emmanuel Forbes Jr. (LAR)     ,      6,      6,  0.0,  2,   1,  0,  0,      0,  4,  21.6,    5.4, 1.2%
254,  255, Tre Hawkins III (FA)          ,      8,      2,  0.0,  2,   1,  0,  0,      0,  2,  21.5,   10.8, 0.1%
255,  256, Cameron Sutton (FA)           ,      7,      8,  0.0,  3,   0,  0,  0,      0, 10,  21.2,    2.1, 1.0%
256,  257, Asante Samuel Jr. (FA)        ,     11,      2,  0.0,  2,   0,  0,  0,      0,  4,  21.1,    5.3, 1.6%
257,  258, George Odum (FA)              ,      9,      2,  0.0,  4,   0,  0,  0,      0,  8,  21.0,    2.6, 1.5%
258,  259, Andrew Booth Jr. (FA)         ,     10,      5,  0.0,  1,   0,  0,  0,      0,  6,  20.4,    3.4, 1.1%
259,  260, Ifeatu Melifonwu (MIA)        ,      8,      2,  1.0,  0,   0,  0,  0,      0,  3,  20.0,    6.7, 1.1%
260,  261, Brandon Joseph (FA)           ,     11,      2,  0.0,  1,   0,  0,  0,      0,  4,  19.6,    4.9, 0.6%
261,  262, Shemar Jean-Charles (SEA)     ,      5,      5,  0.0,  2,   1,  0,  0,      0,  5,  19.3,    3.9, 1.0%
262,  263, M.J. Stewart Jr. (HOU)        ,      6,      1,  0.0,  0,   0,  0,  1,      0, 12,  18.8,    1.6, 0.6%
263,  264, Isaiah Bolden (FA)            ,      7,      2,  0.0,  0,   0,  0,  1,      0,  9,  18.6,    2.1, 1.1%
264,  265, Kris Abrams-Draine (DEN)      ,      5,      3,  0.0,  2,   1,  0,  0,      0,  5,  17.9,    3.6, 0.6%
265,  266, Brenden Schooler (NE)         ,      2,      2,  2.0,  0,   0,  0,  0,      0, 13,  17.5,    1.3, 0.6%
266,  267, Ka'dar Hollman (FA)           ,      9,      1,  0.0,  2,   0,  0,  0,      0,  6,  17.3,    2.9, 1.0%
267,  268, Jaylon Jones (CHI)            ,      9,      1,  0.0,  2,   0,  0,  0,      0,  5,  17.3,    3.5, 2.4%
268,  269, K'Von Wallace (MIN)           ,      7,      3,  0.0,  0,   0,  1,  0,      0,  8,  16.9,    2.1, 0.0%
269,  270, Khalil Dorsey (DET)           ,      5,      5,  0.0,  2,   0,  0,  0,      0, 10,  16.9,    1.7, 10.0%
270,  271, D'Angelo Ross (HOU)           ,      8,      2,  0.0,  2,   0,  0,  0,      0,  8,  16.6,    2.1, 0.0%
271,  272, Josh Blackwell (CHI)          ,      5,      1,  0.0,  2,   1,  0,  0,      0, 12,  16.3,    1.4, 12.1%
272,  273, Kevin King (FA)               ,      5,      2,  0.0,  2,   0,  0,  1,      0, 13,  16.1,    1.2, 1.1%
273,  274, Dallis Flowers (CHI)          ,      9,      0,  0.0,  0,   0,  0,  0,      0,  4,  16.0,    4.0, 0.6%
274,  275, Caleb Farley (FA)             ,      9,      3,  0.0,  0,   0,  0,  0,      0,  8,  15.8,    2.0, 0.0%
275,  276, Mike Edwards (KC)             ,      7,      5,  0.0,  1,   0,  0,  0,      0,  7,  15.8,    2.3, 0.1%
276,  277, John Johnson III (FA)         ,      4,      4,  0.0,  1,   1,  0,  0,      0,  2,  15.5,    7.8, 0.0%
277,  278, Michael Davis (FA)            ,      7,      3,  0.0,  1,   0,  0,  0,      0, 11,  14.4,    1.3, 2.4%
278,  279, Nehemiah Pritchett (SEA)      ,      7,      3,  0.0,  1,   0,  0,  0,      0,  6,  14.4,    2.4, 2.0%
279,  280, Greg Stroman Jr. (FA)         ,      9,      1,  0.0,  0,   0,  0,  0,      0,  3,  14.3,    4.8, 0.0%
280,  281, Brandon Codrington (BUF)      ,      8,      1,  0.0,  1,   0,  0,  0,      0, 17,  14.3,    0.8, 3.2%
281,  282, Kelee Ringo (PHI)             ,      4,      3,  0.0,  1,   0,  0,  1,      0, 14,  13.8,    1.0, 0.9%
282,  283, De'Antre Prince (FA)          ,      6,      2,  0.0,  1,   0,  0,  0,      0,  6,  12.1,    2.0, 1.0%
283,  284, Jeff Okudah (MIN)             ,      7,      0,  0.0,  1,   0,  0,  0,      0,  5,  12.0,    2.4, 0.7%
284,  285, Josh Wallace (LAR)            ,      5,      2,  0.0,  2,   0,  0,  0,      0, 14,  12.0,    0.9, 0.6%
285,  286, Elijah Campbell (MIA)         ,      4,      4,  0.0,  0,   0,  0,  0,      0, 14,  11.6,    0.8, 0.1%
286,  287, Juanyeh Thomas (DAL)          ,      5,      3,  0.0,  1,   0,  0,  0,      0, 13,  11.4,    0.9, 9.1%
287,  288, Darrick Forrest (FA)          ,      5,      5,  0.0,  0,   0,  0,  0,      0,  6,  11.3,    1.9, 1.4%
288,  289, Fabian Moreau (MIN)           ,      6,      1,  0.0,  1,   0,  0,  0,      0,  3,  11.3,    3.8, 0.6%
289,  290, Myles Bryant (HOU)            ,      7,      1,  0.0,  0,   0,  0,  0,      0,  7,  11.3,    1.6, 0.0%
290,  291, Ezekiel Turner (DET)          ,      5,      2,  0.5,  0,   0,  0,  0,      0,  9,  11.1,    1.2, 5.0%
291,  292, Jalyn Armour-Davis (TEN)      ,      5,      2,  0.0,  1,   0,  0,  0,      0,  6,  10.5,    1.8, 0.9%
292,  293, Sydney Brown (PHI)            ,      1,      1,  0.0,  2,   1,  0,  0,      0, 10,  10.3,    1.0, 1.0%
293,  294, Kendall Sheffield (FA)        ,      5,      3,  0.0,  0,   0,  0,  0,      0,  5,   9.9,    2.0, 0.0%
294,  295, Artie Burns (MIA)             ,      3,      1,  0.0,  3,   0,  0,  0,      0,  2,   9.8,    4.9, 0.8%
295,  296, Tashaun Gipson Sr. (FA)       ,      5,      1,  0.0,  1,   0,  0,  0,      0,  2,   9.8,    4.9, 2.8%
296,  297, Shemar Bartholomew (FA)       ,      2,      1,  0.0,  2,   0,  0,  0,      0,  1,   9.3,    9.3, 0.1%
297,  298, Rodney Thomas II (IND)        ,      5,      2,  0.0,  0,   0,  0,  0,      0, 16,   9.0,    0.6, 0.7%
298,  299, Jalen Graham (SF)             ,      2,      4,  0.0,  0,   0,  0,  0,      0,  6,   8.6,    1.4, 0.6%
299,  300, Jamal Adams (LV)              ,      4,      3,  0.0,  0,   0,  0,  0,      0,  4,   8.3,    2.1, 1.1%
300,  301, Siran Neal (SF)               ,      3,      1,  0.0,  2,   0,  0,  0,      0, 10,   8.3,    0.8, 0.8%
301,  302, Tavierre Thomas (MIN)         ,      4,      3,  0.0,  0,   0,  0,  0,      0,  8,   8.3,    1.0, 0.1%
302,  303, Mike Ford Jr. (ATL)           ,      5,      1,  0.0,  0,   0,  0,  0,      0,  7,   8.3,    1.2, 0.0%
303,  304, D'Anthony Bell (SEA)          ,      3,      1,  0.0,  0,   0,  0,  0,      0, 12,   7.8,    0.7, 1.1%
304,  305, J.T. Gray (BAL)               ,      2,      1,  0.0,  0,   0,  1,  0,      0, 15,   7.8,    0.5, 0.0%
305,  306, AJ Finley (SEA)               ,      4,      2,  0.0,  0,   0,  0,  0,      0, 10,   7.6,    0.8, 1.0%
306,  307, Ennis Rakestraw Jr. (DET)     ,      4,      2,  0.0,  0,   0,  0,  0,      0,  7,   7.6,    1.1, 0.6%
307,  308, DJ Ivey (CIN)                 ,      3,      0,  0.0,  2,   0,  0,  0,      0, 11,   7.5,    0.7, 0.1%
308,  309, Qwan'tez Stiggers (NYJ)       ,      5,      0,  0.0,  0,   0,  0,  0,      0,  7,   7.5,    1.1, 0.1%
309,  310, JuJu Brents (MIA)             ,      3,      4,  0.0,  0,   0,  0,  0,      0,  1,   7.5,    7.5, 0.6%
310,  311, Miles Battle (NE)             ,      2,      0,  0.0,  3,   0,  0,  0,      0,  1,   7.5,    7.5, 0.1%
311,  312, Daniel Thomas (DET)           ,      1,      2,  0.0,  0,   0,  0,  1,      0, 11,   7.1,    0.6, 0.0%
312,  313, Marcellas Dial Jr. (NE)       ,      4,      1,  0.0,  0,   0,  0,  0,      0, 10,   6.8,    0.7, 0.0%
313,  314, Divaad Wilson (FA)            ,      3,      1,  0.0,  1,   0,  0,  0,      0,  1,   6.8,    6.8, 1.0%
314,  315, Arthur Maulet (FA)            ,      4,      1,  0.0,  0,   0,  0,  0,      0,  4,   6.8,    1.7, 1.0%
315,  316, Terrell Edmunds (LV)          ,      4,      1,  0.0,  0,   0,  0,  0,      0,  5,   6.8,    1.4, 0.0%
316,  317, Art Green (NYG)               ,      4,      1,  0.0,  0,   0,  0,  0,      0,  4,   6.8,    1.7, 1.1%
317,  318, Akayleb Evans (CAR)           ,      3,      0,  0.0,  1,   0,  0,  0,      0,  6,   6.0,    1.0, 1.2%
318,  319, Rock Ya-Sin (DET)             ,      2,      0,  0.0,  2,   0,  0,  0,      0,  5,   6.0,    1.2, 0.6%
319,  320, Reddy Steward (DAL)           ,      1,      0,  0.0,  0,   0,  1,  0,      0,  1,   5.5,    5.5, 0.0%
320,  321, Charles Woods (NE)            ,      1,      0,  0.0,  0,   0,  0,  1,      0,  4,   5.5,    1.4, 0.0%
321,  322, Kris Boyd (NYJ)               ,      1,      0,  0.0,  0,   0,  0,  1,      0,  8,   5.5,    0.7, 1.7%
322,  323, Keith Taylor Jr. (ATL)        ,      3,      1,  0.0,  0,   0,  0,  0,      0,  5,   5.3,    1.1, 1.1%
323,  324, Markquese Bell (DAL)          ,      3,      1,  0.0,  0,   0,  0,  0,      0,  8,   5.3,    0.7, 0.9%
324,  325, Troy Pride Jr. (FA)           ,      2,      1,  0.0,  1,   0,  0,  0,      0,  3,   5.3,    1.8, 0.0%
325,  326, JL Skinner (DEN)              ,      0,      1,  0.0,  0,   0,  0,  1,      0,  8,   4.8,    0.6, 1.1%
326,  327, Myles Harden (CLE)            ,      2,      2,  0.0,  0,   0,  0,  0,      0,  4,   4.6,    1.2, 1.0%
327,  328, Tre Flowers (FA)              ,      3,      0,  0.0,  0,   0,  0,  0,      0,  3,   4.5,    1.5, 0.1%
328,  329, Bobby McCain (FA)             ,      2,      2,  0.0,  0,   0,  0,  0,      0,  3,   4.5,    1.5, 0.0%
329,  330, Christian Braswell (JAC)      ,      1,      4,  0.0,  0,   0,  0,  0,      0,  2,   4.5,    2.3, 0.0%
330,  331, Eli Apple (SF)                ,      2,      0,  0.0,  1,   0,  0,  0,      0,  3,   4.5,    1.5, 0.1%
331,  332, Raheem Layne (NYG)            ,      3,      0,  0.0,  0,   0,  0,  0,      0,  2,   4.5,    2.3, 1.4%
332,  333, Robert Rochell (DAL)          ,      0,      0,  0.0,  0,   0,  0,  1,      0,  5,   4.0,    0.8, 1.0%
333,  334, C.J. Goodwin (DAL)            ,      0,      0,  0.0,  0,   0,  0,  1,      0, 10,   4.0,    0.4, 1.2%
334,  335, Deon Bush (KC)                ,      2,      1,  0.0,  0,   0,  0,  0,      0,  2,   3.8,    1.9, 0.0%
335,  336, Damarri Mathis (CAR)          ,      1,      1,  0.0,  1,   0,  0,  0,      0, 10,   3.8,    0.4, 0.6%
336,  337, Jalen Davis (CIN)             ,      2,      1,  0.0,  0,   0,  0,  0,      0,  2,   3.8,    1.9, 1.0%
337,  338, Kitan Oladapo (GB)            ,      1,      3,  0.0,  0,   0,  0,  0,      0,  4,   3.8,    1.0, 1.0%
338,  339, Ryan Neal (FA)                ,      2,      1,  0.0,  0,   0,  0,  0,      0,  1,   3.8,    3.8, 0.0%
339,  340, Anthony Johnson Jr. (NYG)     ,      0,      2,  0.0,  1,   0,  0,  0,      0,  3,   3.1,    1.0, 1.1%
340,  341, Corey Ballentine (NE)         ,      2,      0,  0.0,  0,   0,  0,  0,      0,  8,   3.0,    0.4, 0.6%
341,  342, Antonio Hamilton Sr. (WAS)    ,      2,      0,  0.0,  0,   0,  0,  0,      0,  6,   3.0,    0.5, 0.1%
342,  343, Kareem Jackson (FA)           ,      1,      2,  0.0,  0,   0,  0,  0,      0,  2,   3.0,    1.5, 0.0%
343,  344, T.J. Tampa (BAL)              ,      1,      1,  0.0,  0,   0,  0,  0,      0,  4,   2.3,    0.6, 0.8%
344,  345, Faion Hicks (FA)              ,      1,      1,  0.0,  0,   0,  0,  0,      0,  2,   2.3,    1.2, 1.0%
345,  346, Sanoussi Kane (BAL)           ,      1,      1,  0.0,  0,   0,  0,  0,      0,  7,   2.3,    0.3, 0.6%
346,  347, Desmond King II (FA)          ,      1,      1,  0.0,  0,   0,  0,  0,      0,  3,   2.3,    0.8, 0.0%
347,  348, Chris Smith II (LV)           ,      1,      1,  0.0,  0,   0,  0,  0,      0,  5,   2.3,    0.5, 1.0%
348,  349, Beau Brade (NYG)              ,      1,      1,  0.0,  0,   0,  0,  0,      0,  5,   2.3,    0.5, 1.2%
349,  350, Natrone Brooks (ATL)          ,      0,      1,  0.0,  1,   0,  0,  0,      0,  7,   2.3,    0.3, 1.0%
350,  351, Ty Okada (SEA)                ,      1,      1,  0.0,  0,   0,  0,  0,      0,  4,   2.3,    0.6, 1.0%
351,  352, Kyu Blu Kelly (LV)            ,      1,      1,  0.0,  0,   0,  0,  0,      0,  1,   2.3,    2.3, 1.0%
352,  353, Keidron Smith (DEN)           ,      0,      2,  0.0,  0,   0,  0,  0,      0,  7,   1.6,    0.2, 0.7%
353,  354, Kendall Williamson (LAC)      ,      1,      0,  0.0,  0,   0,  0,  0,      0,  2,   1.5,    0.8, 0.0%
354,  355, Ethan Bonner (MIA)            ,      1,      0,  0.0,  0,   0,  0,  0,      0,  3,   1.5,    0.5, 0.6%
355,  356, Russ Yeast (CIN)              ,      1,      0,  0.0,  0,   0,  0,  0,      0,  1,   1.5,    1.5, 0.7%
356,  357, Duke Shelley (FA)             ,      1,      0,  0.0,  0,   0,  0,  0,      0,  1,   1.5,    1.5, 0.0%
357,  358, Jay Ward (MIN)                ,      0,      0,  0.0,  1,   0,  0,  0,      0,  9,   1.5,    0.2, 1.3%
358,  359, Rico Payton (NYG)             ,      0,      0,  0.0,  1,   0,  0,  0,      0, 14,   1.5,    0.1, 0.0%
359,  360, Jammie Robinson (KC)          ,      1,      0,  0.0,  0,   0,  0,  0,      0,  4,   1.5,    0.4, 0.0%
360,  361, Dwight McGlothern (MIN)       ,      0,      0,  0.0,  1,   0,  0,  0,      0,  3,   1.5,    0.5, 0.8%
361,  362, Eli Ricks (FA)                ,      1,      0,  0.0,  0,   0,  0,  0,      0,  4,   1.5,    0.4, 1.2%
362,  363, Daijahn Anthony (CIN)         ,      0,      0,  0.0,  1,   0,  0,  0,      0,  8,   1.5,    0.2, 0.1%
363,  364, Patrick McMorris (FA)         ,      1,      0,  0.0,  0,   0,  0,  0,      0,  3,   1.5,    0.5, 0.6%
364,  365, Jarius Monroe (FA)            ,      0,      2,  0.0,  0,   0,  0,  0,      0,  4,   1.5,    0.4, 0.1%
365,  366, Jarrick Bernard-Converse (CLE),      0,      1,  0.0,  0,   0,  0,  0,      0,  6,   0.8,    0.1, 0.0%
366,  367, Lonnie Johnson Jr. (LV)       ,      0,      1,  0.0,  0,   0,  0,  0,      0,  7,   0.8,    0.1, 0.6%
367,  368, Julius Wood (FA)              ,      0,      1,  0.0,  0,   0,  0,  0,      0,  2,   0.8,    0.4, 0.0%
368,  369, Dicaprio Bootle (FA)          ,      0,      0,  0.0,  0,   0,  0,  0,      0,  3,   0.0,    0.0, 1.5%
369,  370, Tanner Muse (FA)              ,      0,      0,  0.0,  0,   0,  0,  0,      0,  2,   0.0,    0.0, 0.0%
370,  371, Tyler Hall (FA)               ,      0,      0,  0.0,  0,   0,  0,  0,      0,  1,   0.0,    0.0, 0.1%
371,  372, Jalen Elliott (FA)            ,      0,      0,  0.0,  0,   0,  0,  0,      0,  1,   0.0,    0.0, 0.0%
372,  373, Bobby Price (FA)              ,      0,      0,  0.0,  0,   0,  0,  0,      0,  1,   0.0,    0.0, 1.0%
373,  374, Dee Williams (FA)             ,      0,      0,  0.0,  0,   0,  0,  0,      0, 13,   0.0,    0.0, 1.1%
374,  375, Andre' Sam (PHI)              ,      0,      0,  0.0,  0,   0,  0,  0,      0,  1,   0.0,    0.0, 0.0%
375,  376, Morice Norris Jr. (FA)        ,      0,      0,  0.0,  0,   0,  0,  0,      0,  2,   0.0,    0.0, 1.1%
376,  377, Loren Strickland (DET)        ,      0,      0,  0.0,  0,   0,  0,  0,      0,  1,   0.0,    0.0, 1.1%
377,  378, Millard Bradford (FA)         ,      0,      0,  0.0,  0,   0,  0,  0,      0,  2,   0.0,    0.0, 0.0%
378,  379, Tyler Owens (WAS)             ,      0,      0,  0.0,  0,   0,  0,  0,      0,  9,   0.0,    0.0, 1.3%
379,  380, Chigozie Anusiem (ARI)        ,      0,      0,  0.0,  0,   0,  0,  0,      0,  3,   0.0,    0.0, 0.0%
380,  381, Gabe Jeudy-Lally (FA)         ,      0,      0,  0.0,  0,   0,  0,  0,      0,  1,   0.0,    0.0, 0.0%
381,  382, Cam Lampkin (LAR)             ,      0,      0,  0.0,  0,   0,  0,  0,      0,  1,   0.0,    0.0, 0.0%
382,  383, Omar Brown (FA)               ,      0,      0,  0.0,  0,   0,  0,  0,      0,  1,   0.0,    0.0, 0.0%
383,  384, Ryan Cooper Jr. (FA)          ,      0,      0,  0.0,  0,   0,  0,  0,      0,  1,   0.0,    0.0, 0.0%
384,  385, Jaylen Mahoney (FA)           ,      0,      0,  0.0,  0,   0,  0,  0,      0,  3,   0.0,    0.0, 1.0%
385,  386, Keenan Isaac (FA)             ,      0,      0,  0.0,  0,   0,  0,  0,      0,  1,   0.0,    0.0, 0.0%
386,  387, Reese Taylor (DEN)            ,      0,      0,  0.0,  0,   0,  0,  0,      0,  1,   0.0,    0.0, 1.0%
387,  388, Tanner McCalister (FA)        ,      0,      0,  0.0,  0,   0,  0,  0,      0,  1,   0.0,    0.0, 1.3%
388,  389, Jaylin Simpson (GB)           ,      0,      0,  0.0,  0,   0,  0,  0,      0,  2,   0.0,    0.0, 0.0%
389,  390, Jaylon Carlies (IND)          ,     24,     12,  1.0,  1,   0,  0,  0,      0, 11,   0.0,    0.0, 2.1%
390,  391, Kamal Hadden (GB)             ,      0,      0,  0.0,  0,   0,  0,  0,      0,  1,   0.0,    0.0, 0.1%
391,  392, Joey Blount (ARI)             ,      0,      0,  0.0,  0,   0,  0,  0,      0, 10,   0.0,    0.0, 0.8%
392,  393, Bo Melton (GB)                ,      0,      0,  0.0,  0,   0,  0,  1,      0, 17,   0.0,    0.0, 1.5%
393,  394, Shaun Jolly (FA)              ,      0,      0,  0.0,  0,   0,  0,  0,      0,  1,   0.0,    0.0, 1.1%
394,  395, Tycen Anderson (CIN)          ,      0,      0,  0.0,  0,   0,  0,  0,      0,  8,   0.0,    0.0, 0.8%
395,  396, Kelvin Joseph (FA)            ,      0,      0,  0.0,  0,   0,  0,  0,      0,  2,   0.0,    0.0, 0.0%
396,  397, Darren Hall (ARI)             ,      0,      0,  0.0,  0,   0,  0,  0,      0,  2,   0.0,    0.0, 1.1%
397,  398, Tre Avery (CLE)               ,      0,      0,  0.0,  0,   0,  0,  0,      0,  5,   0.0,    0.0, 1.2%
398,  399, Quindell Johnson (FA)         ,      0,      0,  0.0,  0,   0,  0,  0,      0,  1,   0.0,    0.0, 0.7%
399,  400, DJ James (FA)                 ,      0,      0,  0.0,  0,   0,  0,  0,      0,  1,   0.0,    0.0, 0.0%
400,  401, Kendell Brooks (FA)           ,      0,      0,  0.0,  0,   0,  0,  0,      0,  1,   0.0,    0.0, 0.0%
401,  402, Ameer Speed (FA)              ,      0,      0,  0.0,  0,   0,  0,  0,      0,  2,   0.0,    0.0, 0.0%
402,  403, Marte Mapu (NE)               ,     21,     21,  0.5,  6,   1,  2,  0,      0, 10,   0.0,    0.0, 0.6%
403,  404, Jerrick Reed II (SEA)         ,      0,      0,  0.0,  0,   0,  0,  0,      0,  3,   0.0,    0.0, 0.0%
404,  405, Darrell Luter Jr. (SF)        ,      0,      0,  0.0,  0,   0,  0,  0,      0,  2,   0.0,    0.0, 0.0%
405,  406, Deane Leonard (LAC)           ,      3,      1,  0.0,  3,   0,  0,  0,      0,  9,   0.0,    0.0, 0.0%
406,  407, Sam Webb (TEN)                ,      0,      0,  0.0,  0,   0,  0,  0,      0,  4,   0.0,    0.0, 1.1%
407,  408, Trevor Denbow (FA)            ,      0,      0,  0.0,  0,   0,  0,  0,      0,  2,   0.0,    0.0, 1.0%
408,  409, Zyon Gilbert (FA)             ,      0,      0,  0.0,  0,   0,  0,  0,      0,  1,   0.0,    0.0, 1.4%
409,  410, Jimmie Ward (HOU)             ,     32,     16,  0.0,  4,   2,  0,  0,      1, 10,   0.0,    0.0, 2.0%
410,  411, Tony Brown II (FA)            ,      0,      0,  0.0,  0,   0,  0,  0,      0,  4,   0.0,    0.0, 0.1%
411,  412, Tremon Smith (HOU)            ,      0,      0,  0.0,  0,   0,  0,  0,      0,  9,   0.0,    0.0, 0.6%
412,  413, Ronnie Harrison Jr. (ATL)     ,      0,      0,  0.0,  0,   0,  0,  0,      0,  2,   0.0,    0.0, 3.2%
413,  414, Tarvarius Moore (FA)          ,      0,      0,  0.0,  0,   0,  0,  0,      0,  7,   0.0,    0.0, 0.0%
414,  415, Jeremy Reaves (WAS)           ,      0,      0,  0.0,  0,   0,  0,  0,      0, 12,   0.0,    0.0, 0.1%
415,  416, Justin Hardee Sr. (FA)        ,      0,      0,  0.0,  0,   0,  0,  0,      0,  4,   0.0,    0.0, 0.0%
416,  417, Micah Abernathy (FA)          ,      0,      0,  0.0,  0,   0,  0,  0,      0,  2,   0.0,    0.0, 6.0%
417,  418, Roderic Teamer (FA)           ,      0,      0,  0.0,  0,   0,  0,  0,      0,  2,   0.0,    0.0, 0.0%
418,  419, Isaiah Simmons (FA)           ,     10,      7,  0.0,  2,   0,  1,  0,      0, 13,   0.0,    0.0, 1.9%
419,  420, Bryce Hall (TB)               ,      0,      0,  0.0,  0,   0,  0,  0,      0,  1,   0.0,    0.0, 0.1%
420,  421, Andre Chachere (FA)           ,      0,      0,  0.0,  0,   0,  0,  0,      0,  1,   0.0,    0.0, 1.0%
421,  422, Emmanuel Moseley (FA)         ,      0,      0,  0.0,  0,   0,  0,  0,      0,  1,   0.0,    0.0, 1.0%
422,  423, David Long Jr. (FA)           ,      0,      0,  0.0,  0,   0,  0,  0,      0,  1,   0.0,    0.0, 1.5%
423,  424, Kemon Hall (FA)               ,      0,      0,  0.0,  0,   0,  0,  0,      0,  5,   0.0,    0.0, 1.3%
424,  425, Marquise Blair (FA)           ,      0,      0,  0.0,  0,   0,  0,  0,      0,  1,   0.0,    0.0, 0.0%
425,  426, Nik Needham (NYJ)             ,      0,      0,  0.0,  0,   0,  0,  0,      0,  1,   0.0,    0.0, 0.7%
426,  427, Adrian Colbert (FA)           ,      0,      0,  0.0,  0,   0,  0,  0,      0,  1,   0.0,    0.0, 0.0%
427,  428, Kevon Seymour (FA)            ,      0,      0,  0.0,  0,   0,  0,  0,      0,  2,   0.0,    0.0, 0.0%
428,  429, James Bradberry IV (FA)       ,      0,      0,  0.0,  0,   0,  0,  0,      0,  1,   0.0,    0.0, 1.1%
429,  430, Miles Killebrew (PIT)         ,      0,      0,  0.0,  0,   0,  0,  0,      0, 12,   0.0,    0.0, 0.8%
