,Rank,Player,TACKLE,ASSIST,SACK,PD,INT,FF,FR,DEF TD,G,FPTS,FPTS/G,ROST
0,1,Byron Young (LAR),15,8,5.0,0,0,1,0,0,4,70.1,17.5,29.9%
1,2,Brian Burns (NYG),14,6,5.0,3,0,1,0,0,4,69.1,17.3,39.7%
2,3,Maxx Crosby (LV),11,8,2.0,4,1,1,0,0,4,63.1,15.8,70.5%
3,4,Carl Granderson (NO),16,4,4.5,2,0,0,0,0,4,63.1,15.8,21.4%
4,5,Tuli Tuipulotu (LAC),11,6,4.0,2,0,1,0,0,4,59.2,14.8,5.8%
5,6,Myles Garrett (CLE),11,7,4.0,0,0,0,0,0,4,57.8,14.5,64.0%
6,7,George Karlaftis III (KC),13,5,3.0,1,0,0,0,0,4,51.8,13.0,14.6%
7,8,Nick Bosa (SF),9,8,2.0,0,0,2,1,0,3,49.5,16.5,39.3%
8,9,Dorance Armstrong Jr. (WAS),13,6,3.0,0,0,0,0,0,4,48.5,12.1,5.7%
9,10,Danielle Hunter (HOU),7,5,4.0,0,0,1,1,0,4,48.3,12.1,27.3%
10,11,Nik Bonitto (DEN),9,4,4.5,0,0,0,0,0,4,47.1,11.8,40.9%
11,12,Quinnen Williams (NYJ),11,6,1.0,0,0,2,0,0,4,45.6,11.4,10.0%
12,13,Aidan Hutchinson (DET),6,2,4.0,0,0,2,0,0,4,44.6,11.2,62.7%
13,14,Jared Verse (LAR),10,7,2.0,0,0,2,0,0,4,43.8,11.0,30.2%
14,15,Jeffery Simmons (TEN),10,4,2.0,0,0,1,0,0,4,42.7,10.7,23.8%
15,16,Will Anderson Jr. (HOU),10,4,3.0,0,0,0,0,0,4,42.6,10.7,40.2%
16,17,Jalen Redmond (MIN),8,5,3.0,0,0,1,0,0,4,41.9,10.5,2.4%
17,18,Josh Sweat (ARI),6,2,3.0,0,0,2,0,0,4,40.6,10.2,5.1%
18,19,Calais Campbell (ARI),10,4,3.0,0,0,0,0,0,4,40.1,10.0,3.6%
19,20,Jordan Davis (PHI),10,7,1.0,3,0,0,0,0,4,39.9,10.0,7.3%
20,21,Leonard Williams (SEA),10,9,2.5,1,0,0,0,0,4,38.3,9.6,13.2%
21,22,Tavius Robinson (BAL),9,8,2.0,1,0,1,0,0,4,38.1,9.5,3.2%
22,23,Joey Bosa (BUF),4,4,2.0,0,0,4,0,0,4,38.1,9.5,7.1%
23,24,Cameron Jordan (NO),9,3,2.5,1,0,0,0,0,4,37.3,9.3,1.0%
24,25,DeForest Buckner (IND),13,9,0.0,0,0,0,0,0,4,36.3,9.1,22.7%
25,26,Jonah Laulu (LV),6,4,3.0,1,0,0,0,0,4,35.7,8.9,1.1%
26,27,Daron Payne (WAS),7,8,1.0,2,0,1,0,0,4,35.1,8.8,2.1%
27,28,Bryce Huff (SF),7,4,2.0,1,0,1,0,0,4,34.6,8.7,2.1%
28,29,Kayvon Thibodeaux (NYG),8,3,2.5,1,0,0,0,0,4,33.4,8.4,11.5%
29,30,Jonathon Cooper (DEN),7,5,2.5,1,0,0,0,0,4,33.3,8.3,10.2%
30,31,Milton Williams (NE),7,2,2.0,0,0,0,0,0,4,32.5,8.1,2.8%
31,32,Javon Hargrave (MIN),9,7,2.0,0,0,0,0,0,4,31.9,8.0,3.4%
32,33,Byron Murphy II (SEA),6,10,2.5,0,0,0,0,0,4,31.6,7.9,5.1%
33,34,Cameron Heyward (PIT),8,6,1.0,3,0,1,0,0,4,31.6,7.9,12.5%
34,35,Al-Quadin Muhammad (DET),6,1,3.5,0,0,0,0,0,4,31.3,7.8,1.2%
35,36,Zach Harrison (ATL),5,6,2.5,0,0,1,0,0,4,31.1,7.8,1.4%
36,37,Will McDonald IV (NYJ),5,1,2.0,0,0,0,0,0,4,29.8,7.5,6.8%
37,38,Vita Vea (TB),6,4,2.0,0,0,0,1,0,4,29.1,7.3,2.0%
38,39,Trey Hendrickson (CIN),8,3,2.0,1,0,0,0,0,4,28.8,7.2,45.7%
39,40,Jonathan Greenard (MIN),6,5,1.0,0,0,1,0,0,4,28.4,7.1,35.0%
40,41,K'Lavon Chaisson (NE),5,4,2.5,0,0,0,0,0,4,28.1,7.0,1.2%
41,42,Montez Sweat (CHI),9,2,1.0,1,0,0,0,0,4,28.1,7.0,4.4%
42,43,B.J. Hill (CIN),8,9,1.0,0,0,0,0,0,4,27.8,7.0,1.6%
43,44,Haason Reddick (TB),7,5,1.0,1,0,0,0,0,4,27.4,6.9,3.6%
44,45,Travon Walker (JAC),5,7,2.0,1,0,0,0,0,4,27.3,6.8,19.1%
45,46,Yaya Diaby (TB),9,3,1.0,0,0,0,0,0,4,27.3,6.8,9.6%
46,47,Jonathan Allen (MIN),8,10,0.0,0,0,0,1,0,4,26.0,6.5,3.8%
47,48,Arik Armstead (JAC),3,3,2.5,0,0,1,0,0,4,25.9,6.5,0.7%
48,49,Christian Elliss (NE),11,12,0.0,0,0,0,0,0,4,25.6,6.4,9.0%
49,50,Laiatu Latu (IND),6,2,1.0,2,1,0,0,0,3,25.1,8.4,3.8%
50,51,Kris Jenkins Jr. (CIN),7,8,1.5,0,0,0,0,0,4,25.1,6.3,0.9%
51,52,Zach Sieler (MIA),11,4,0.0,0,0,0,0,0,4,24.6,6.2,11.7%
52,53,Ed Oliver (BUF),6,0,1.0,0,0,1,0,0,1,24.5,24.5,4.5%
53,54,Chris Jones (KC),4,2,1.0,1,0,0,0,0,4,23.0,5.8,9.9%
54,55,Tyree Wilson (LV),5,1,2.0,1,0,0,0,0,4,22.8,5.7,0.8%
55,56,Devonte Wyatt (GB),3,3,2.0,2,0,0,0,0,4,22.8,5.7,1.3%
56,57,Tyquan Lewis (IND),3,1,2.0,1,0,0,0,0,4,22.3,5.6,0.6%
57,58,Moro Ojomo (PHI),3,4,2.0,1,0,0,0,0,4,22.2,5.6,0.7%
58,59,Nnamdi Madubuike (BAL),5,2,2.0,0,0,0,0,0,2,22.0,11.0,5.9%
59,60,Chris Rumph II (NO),5,3,1.0,1,0,1,0,0,4,21.8,5.5,0.0%
60,61,Da'Shawn Hand (LAC),6,3,1.0,1,0,0,0,0,4,21.8,5.5,0.6%
61,62,Sam Okuayinonu (SF),6,7,0.0,0,0,1,0,0,4,20.9,5.2,0.8%
62,63,Marshawn Kneeland (DAL),4,4,1.0,0,0,0,0,0,4,20.7,5.2,0.8%
63,64,Sebastian Joseph-Day (TEN),8,6,0.0,0,0,0,1,0,4,20.7,5.2,0.6%
64,65,DaQuan Jones (BUF),4,2,2.0,0,0,0,0,0,4,20.5,5.1,1.3%
65,66,Mykel Williams (SF),7,3,0.0,0,0,0,0,0,4,20.4,5.1,4.3%
66,67,John Franklin-Myers (DEN),3,3,2.0,0,0,0,0,0,4,19.9,5.0,0.8%
67,68,Grover Stewart (IND),6,11,0.0,0,0,0,0,0,4,19.8,5.0,3.9%
68,69,Dexter Lawrence II (NYG),5,4,0.0,1,1,0,0,0,4,19.6,4.9,12.0%
69,70,Harrison Phillips (NYJ),5,8,0.5,0,0,1,0,0,4,19.6,4.9,1.3%
70,71,Jack Sawyer (PIT),5,2,1.0,1,0,0,0,0,4,19.6,4.9,1.2%
71,72,Kenny Clark (DAL),5,7,1.0,0,0,0,0,0,4,19.4,4.9,1.6%
72,73,Dallas Turner (MIN),5,7,1.0,0,0,0,0,0,4,19.4,4.9,4.5%
73,74,Jarran Reed (SEA),5,7,1.0,0,0,0,0,0,4,19.3,4.8,1.1%
74,75,Malcolm Koonce (LV),2,4,1.0,0,0,1,0,0,4,19.1,4.8,1.2%
75,76,Derrick Brown (CAR),8,5,0.0,2,0,0,0,0,4,18.9,4.7,7.7%
76,77,Jowon Briggs (NYJ),4,3,1.0,0,0,1,0,0,4,18.9,4.7,1.1%
77,78,Isaiah McGuire (CLE),4,5,1.0,0,0,0,0,0,4,18.9,4.7,0.9%
78,79,Josh Hines-Allen (JAC),7,3,0.5,1,0,0,0,0,4,18.8,4.7,19.3%
79,80,Sheldon Rankins (HOU),5,3,1.0,0,0,0,0,0,4,18.8,4.7,0.7%
80,81,Tyler Davis (LAR),4,8,1.0,0,0,0,0,0,4,18.6,4.7,0.6%
81,82,Folorunso Fatukasi (HOU),5,3,1.5,0,0,0,0,0,4,18.4,4.6,0.6%
82,83,Maliek Collins (CLE),3,7,1.5,0,0,0,0,0,4,18.3,4.6,1.2%
83,84,DeMarcus Lawrence (SEA),5,7,0.0,0,0,0,0,0,4,17.8,4.5,2.0%
84,85,Colby Wooden (GB),5,7,0.0,0,0,0,0,0,4,17.8,4.5,0.8%
85,86,Adam Butler (LV),5,8,0.0,0,0,0,1,0,4,17.7,4.4,3.5%
86,87,Osa Odighizuwa (DAL),5,10,0.0,0,0,0,0,0,4,17.6,4.4,1.9%
87,88,Lukas Van Ness (GB),5,4,0.5,0,0,0,0,0,4,17.6,4.4,1.4%
88,89,Levi Drake Rodriguez (MIN),4,5,0.0,0,0,0,0,0,4,17.4,4.4,1.0%
89,90,Javon Kinlaw (WAS),5,3,0.0,0,0,0,0,0,4,17.3,4.3,1.5%
90,91,Dayo Odeyingbo (CHI),3,6,1.0,1,0,0,0,0,4,17.1,4.3,0.9%
91,92,Bryan Bresee (NO),3,6,1.0,1,0,0,0,0,4,17.1,4.3,1.2%
92,93,Brandon Dorlus (ATL),3,2,1.5,0,0,0,0,0,4,17.0,4.3,0.8%
93,94,Keeanu Benton (PIT),3,5,1.5,0,0,0,0,0,4,16.9,4.2,0.9%
94,95,Solomon Thomas (DAL),6,7,0.0,0,0,0,0,0,4,16.8,4.2,1.4%
95,96,David Onyemata (ATL),6,7,0.0,0,0,0,0,0,4,16.8,4.2,0.8%
96,97,D.J. Wonnum (CAR),2,4,0.0,2,1,0,0,0,3,16.6,5.5,3.6%
97,98,D.J. Jones (DEN),5,0,1.0,0,0,0,0,0,4,16.5,4.1,1.0%
98,99,A.J. Epenesa (BUF),4,0,1.0,0,0,0,1,0,4,16.5,4.1,0.9%
99,100,Kobie Turner (LAR),5,3,1.0,0,0,0,0,0,4,16.3,4.1,11.2%
100,101,Jaelan Phillips (MIA),5,6,0.0,0,0,0,1,0,4,16.1,4.0,4.5%
101,102,John Jenkins (BAL),7,4,0.0,0,0,0,0,0,4,16.1,4.0,0.6%
102,103,A'Shawn Robinson (CAR),6,9,0.0,0,0,0,0,0,4,15.9,4.0,1.9%
103,104,Gervon Dexter Sr. (CHI),3,3,1.0,0,0,0,0,0,4,15.9,4.0,2.1%
104,105,Darius Robinson (ARI),4,1,1.0,0,0,0,0,0,4,15.8,4.0,0.6%
105,106,Abdul Carter (NYG),6,3,0.5,0,0,0,0,0,4,15.8,4.0,19.8%
106,107,Dawuane Smoot (JAC),4,4,1.0,0,0,0,0,0,4,15.6,3.9,0.1%
107,108,Zach Allen (DEN),2,8,1.0,0,0,0,0,0,4,15.5,3.9,14.4%
108,109,Jamaree Caldwell (LAC),4,4,1.0,0,0,0,0,0,4,15.5,3.9,0.7%
109,110,Sam Williams (DAL),6,3,0.0,1,0,0,0,0,4,15.3,3.8,1.6%
110,111,Nathan Shepherd (NO),4,9,0.0,0,0,0,0,0,4,15.3,3.8,0.6%
111,112,T.J. Slaton Jr. (CIN),7,6,0.0,0,0,0,0,0,4,15.2,3.8,0.6%
112,113,Mason Graham (CLE),3,8,0.5,0,0,0,0,0,4,15.1,3.8,4.3%
113,114,Kwity Paye (IND),3,2,1.0,0,0,0,0,0,4,15.1,3.8,2.1%
114,115,Greg Rousseau (BUF),5,3,0.5,2,0,0,0,0,4,14.9,3.7,20.5%
115,116,Deone Walker (BUF),6,1,0.0,0,0,0,0,0,4,14.8,3.7,0.7%
116,117,Nolan Smith Jr. (PHI),4,6,0.0,0,0,1,0,0,3,14.6,4.9,13.5%
117,118,Arnold Ebiketie (ATL),6,4,0.0,0,0,0,0,0,4,14.6,3.7,2.1%
118,119,Dominique Robinson (CHI),4,2,1.0,0,0,0,0,0,4,14.1,3.5,1.3%
119,120,Thomas Booker IV (LV),3,5,0.0,1,0,1,0,0,4,13.9,3.5,0.8%
120,121,Adetomiwa Adebawore (IND),2,3,0.5,0,0,0,1,0,4,13.8,3.5,0.1%
121,122,Jerry Tillery (KC),3,0,1.0,0,0,0,0,0,4,13.5,3.4,0.6%
122,123,Joseph Ossai (CIN),4,1,1.0,0,0,0,0,0,4,13.3,3.3,0.8%
123,124,Omarr Norman-Lott (KC),4,1,1.0,0,0,0,0,0,3,13.3,4.4,0.6%
124,125,Tanoh Kpassagnon (CHI),4,1,1.0,0,0,0,0,0,4,13.3,3.3,1.9%
125,126,Dalvin Tomlinson (ARI),4,3,0.0,0,0,0,0,0,4,13.3,3.3,0.9%
126,127,Odafe Oweh (BAL),5,4,0.0,0,0,0,0,0,4,13.2,3.3,3.4%
127,128,Tershawn Wharton (CAR),3,6,1.0,0,0,0,0,0,2,13.1,6.6,1.1%
128,129,Donovan Ezeiruaku (DAL),6,2,0.0,0,0,0,0,0,4,13.1,3.3,2.3%
129,130,Dre'Mont Jones (TEN),5,4,0.0,0,0,0,0,0,4,13.1,3.3,0.6%
130,131,Shelby Harris (CLE),2,4,0.0,1,0,0,0,0,4,12.6,3.2,0.9%
131,132,Javontae Jean-Baptiste (WAS),2,4,1.0,0,0,0,0,0,3,12.6,4.2,0.6%
132,133,Poona Ford (LAR),2,4,1.0,0,0,0,0,0,4,12.6,3.2,0.6%
133,134,Justin Eboigbe (LAC),3,2,1.0,0,0,0,0,0,4,12.6,3.2,1.4%
134,135,Marcus Davenport (DET),3,2,1.0,0,0,0,0,0,2,12.6,6.3,0.7%
135,136,Josaiah Stewart (LAR),3,0,1.0,1,0,0,0,0,4,12.5,3.1,0.6%
136,137,Anthony Nelson (TB),4,0,0.0,0,0,1,0,0,4,12.5,3.1,0.6%
137,138,Mike Pennel Jr. (CIN),3,7,0.0,0,0,0,0,0,4,12.4,3.1,1.3%
138,139,Myles Murphy (CIN),4,5,0.5,0,0,0,0,0,4,11.9,3.0,0.9%
139,140,Kalia Davis (SF),3,3,0.0,0,0,0,0,0,4,11.8,3.0,0.1%
140,141,Derrick Harmon (PIT),2,1,1.0,1,0,0,0,0,2,11.8,5.9,1.6%
141,142,Naquan Jones (LAC),4,2,0.0,1,0,0,0,0,3,11.6,3.9,0.6%
142,143,Tim Settle Jr. (HOU),3,2,0.0,2,0,0,0,0,4,11.6,2.9,0.6%
143,144,Teair Tart (LAC),4,0,0.0,2,0,0,0,0,4,11.5,2.9,0.6%
144,145,Kenneth Grant (MIA),4,5,0.0,1,0,0,0,0,4,11.4,2.9,1.0%
145,146,Arden Key (TEN),2,2,1.0,0,0,0,0,0,4,11.1,2.8,1.4%
146,147,Eddie Goldman (WAS),2,4,0.0,0,0,0,0,0,4,11.1,2.8,0.6%
147,148,Neville Gallimore (IND),1,2,1.0,1,0,0,0,0,4,11.0,2.8,1.7%
148,149,Elijah Garcia (NYG),2,2,1.0,0,0,0,0,0,4,11.0,2.8,1.0%
149,150,Chop Robinson (MIA),3,0,1.0,0,0,0,0,0,4,11.0,2.8,3.2%
150,151,Patrick Jones II (CAR),4,1,0.0,1,0,0,0,0,2,10.8,5.4,0.6%
151,152,Andrew Billings (CHI),4,3,0.0,0,0,0,0,0,4,10.8,2.7,0.7%
152,153,Jordan Elliott (SF),1,9,0.0,0,0,0,0,0,4,10.8,2.7,0.1%
153,154,Bobby Brown III (CAR),3,5,0.0,0,0,0,0,0,4,10.8,2.7,0.6%
154,155,Eyioma Uwazurike (DEN),4,6,0.0,0,0,0,0,0,4,10.6,2.7,3.7%
155,156,Greg Gaines (TB),2,1,1.0,0,0,0,0,0,4,10.3,2.6,1.4%
156,157,Princely Umanmielen (CAR),2,1,1.0,0,0,0,0,0,4,10.3,2.6,0.7%
157,158,Micheal Clemons (NYJ),3,4,0.0,0,0,0,0,0,4,10.1,2.5,1.9%
158,159,Travis Jones (BAL),4,2,0.0,0,0,0,0,0,3,10.1,3.4,1.0%
159,160,Jer'Zhan Newton (WAS),4,2,0.0,0,0,0,0,0,4,10.1,2.5,0.7%
160,161,Tommy Togiai (HOU),3,2,0.0,1,0,0,0,0,2,10.1,5.1,1.1%
161,162,Christian Barmore (NE),3,4,0.0,0,0,0,0,0,4,10.0,2.5,2.6%
162,163,Dante Stills (ARI),2,7,0.0,1,0,0,0,0,4,9.9,2.5,0.6%
163,164,PJ Mustipher (ARI),3,5,0.0,1,0,0,0,0,4,9.8,2.5,0.0%
164,165,Derick Hall (SEA),4,5,0.0,0,0,0,0,0,4,9.8,2.5,1.1%
165,166,Dondrea Tillman (DEN),4,5,0.0,0,0,0,0,0,4,9.8,2.5,0.6%
166,167,Charles Omenihu (KC),5,3,0.0,0,0,0,0,0,4,9.8,2.5,0.9%
167,168,Caleb Murphy (LAC),4,2,0.5,0,0,0,0,0,4,9.6,2.4,1.1%
168,169,Chaz Chambliss (MIN),2,0,1.0,0,0,0,0,0,3,9.5,3.2,1.0%
169,170,Nic Scourton (CAR),2,3,0.0,1,0,0,0,0,4,9.4,2.4,1.2%
170,171,Braden Fiske (LAR),2,3,0.0,0,0,0,1,0,4,9.3,2.3,2.0%
171,172,Joshua Uche (PHI),4,4,0.0,0,0,0,0,0,4,9.0,2.3,1.4%
172,173,Adin Huntington (CLE),2,5,0.5,0,0,0,0,0,4,8.9,2.2,1.1%
173,174,Alex Wright (CLE),1,1,1.0,0,0,0,0,0,4,8.8,2.2,0.6%
174,175,Jalen Carter (PHI),2,4,0.0,0,0,0,0,0,4,8.6,2.2,22.5%
175,176,Ashton Gillotte (KC),3,2,0.0,0,0,0,0,0,4,8.5,2.1,0.6%
176,177,Jordan Phillips (MIA),2,7,0.0,0,0,0,0,0,4,8.4,2.1,0.7%
177,178,Jermaine Johnson II (NYJ),2,5,0.0,1,0,0,0,0,2,8.3,4.2,4.1%
178,179,Elijah Roberts (TB),1,1,0.5,1,0,0,0,0,4,8.3,2.1,1.2%
179,180,Leonard Taylor III (NYJ),2,1,0.0,1,0,0,0,0,2,7.8,3.9,1.1%
180,181,Oluwafemi Oladejo (TEN),2,6,0.0,0,0,0,0,0,4,7.6,1.9,2.4%
181,182,Daniel Ekuale (PIT),3,2,0.0,1,0,0,0,0,4,7.6,1.9,0.9%
182,183,Matthew Butler (MIA),3,4,0.0,0,0,0,0,0,4,7.6,1.9,2.6%
183,184,Jordan Burch (ARI),3,4,0.0,0,0,0,0,0,4,7.6,1.9,0.7%
184,185,DaVon Hamilton (JAC),2,6,0.0,0,0,0,0,0,4,7.5,1.9,1.0%
185,186,Karl Brooks (GB),1,5,0.5,0,0,0,0,0,4,7.3,1.8,0.6%
186,187,Dylan Horton (HOU),3,1,0.5,0,0,0,0,0,4,7.3,1.8,1.0%
187,188,Cory Durden (NE),1,4,0.0,0,0,0,0,0,4,7.2,1.8,1.2%
188,189,Deatrich Wise Jr. (WAS),2,2,0.0,0,0,0,0,0,2,7.1,3.6,1.2%
189,190,Chris Braswell (TB),3,0,0.0,0,0,0,0,0,4,7.0,1.8,1.3%
190,191,LaCale London (ATL),3,0,0.0,0,0,0,0,0,4,7.0,1.8,0.1%
191,192,James Lynch (TEN),3,3,0.0,0,0,0,0,0,4,6.9,1.7,1.0%
192,193,Yahya Black (PIT),2,5,0.0,0,0,0,0,0,4,6.8,1.7,0.7%
193,194,Joshua Farmer (NE),2,1,0.0,0,0,0,0,0,4,6.3,1.6,1.4%
194,195,Byron Young (PHI),2,4,0.0,0,0,0,0,0,4,6.2,1.6,1.5%
195,196,Boye Mafe (SEA),1,4,0.0,1,0,0,0,0,4,6.1,1.5,4.0%
196,197,Khyiris Tonga (NE),2,2,0.0,1,0,0,0,0,4,6.1,1.5,0.6%
197,198,Logan Hall (TB),3,2,0.0,0,0,0,0,0,4,6.1,1.5,1.9%
198,199,Ruke Orhorhoro (ATL),0,5,0.5,0,0,0,0,0,4,5.9,1.5,0.6%
199,200,Cameron Thomas (CLE),1,3,0.5,0,0,0,0,0,4,5.8,1.5,1.1%
200,201,Anthony Goodlow (ARI),1,2,0.0,0,0,0,0,0,2,5.6,2.8,0.0%
201,202,Mario Edwards Jr. (HOU),2,0,0.0,0,0,0,0,0,4,5.5,1.4,0.7%
202,203,Shemar Turner (CHI),2,0,0.0,0,0,0,0,0,2,5.5,2.8,0.7%
203,204,Eric Johnson II (IND),2,0,0.0,0,0,0,0,0,3,5.5,1.8,1.5%
204,205,Derrick Nnadi (KC),2,3,0.0,0,0,0,0,0,4,5.3,1.3,1.3%
205,206,Kingsley Enagbare (GB),2,3,0.0,0,0,0,0,0,4,5.3,1.3,0.7%
206,207,Davon Godchaux (NO),2,3,0.0,0,0,0,0,0,4,5.3,1.3,0.9%
207,208,Jordan Jackson (DEN),2,3,0.0,0,0,0,0,0,3,5.3,1.8,2.6%
208,209,Aeneas Peebles (BAL),2,1,0.0,1,0,0,0,0,4,5.3,1.3,0.6%
209,210,Shy Tuttle (TEN),3,1,0.0,0,0,0,0,0,3,5.3,1.8,1.4%
210,211,DJ Reader (DET),3,1,0.0,0,0,0,0,0,4,5.3,1.3,1.5%
211,212,Tyleik Williams (DET),1,1,0.0,2,0,0,0,0,4,5.3,1.3,0.7%
212,213,Pat O'Connor (DET),2,1,0.0,1,0,0,0,0,4,5.3,1.3,1.1%
213,214,Broderick Washington Jr. (BAL),1,3,0.0,1,0,0,0,0,3,5.3,1.8,0.7%
214,215,Leki Fotu (LV),1,1,0.0,0,0,0,0,0,2,4.8,2.4,0.0%
215,216,Mike Danna (KC),1,1,0.0,0,0,0,0,0,2,4.8,2.4,0.8%
216,217,Cam Sample (CIN),2,2,0.0,0,0,0,0,0,4,4.6,1.2,1.0%
217,218,Nazir Stackhouse (GB),2,2,0.0,0,0,0,0,0,4,4.6,1.2,1.0%
218,219,Austin Johnson (JAC),1,2,0.0,1,0,0,0,0,4,4.6,1.2,0.0%
219,220,Jihad Ward (TEN),2,2,0.0,0,0,0,0,0,4,4.6,1.2,1.5%
220,221,Dante Fowler Jr. (DAL),1,2,0.0,1,0,0,0,0,4,4.6,1.2,0.9%
221,222,Roy Lopez (DET),2,2,0.0,0,0,0,0,0,4,4.6,1.2,1.1%
222,223,Keion White (NE),2,2,0.0,0,0,0,0,0,3,4.6,1.5,1.1%
223,224,Tyrion Ingram-Dawkins (MIN),1,2,0.0,1,0,0,0,0,4,4.5,1.1,1.0%
224,225,C.J. Okoye (BAL),3,0,0.0,0,0,0,0,0,1,4.5,4.5,1.0%
225,226,Zion Logue (BUF),0,1,0.5,1,0,0,0,0,2,4.3,2.2,1.1%
226,227,Calijah Kancey (TB),1,0,0.0,0,0,0,0,0,2,4.0,2.0,4.2%
227,228,Elijah Simmons (TB),1,0,0.0,0,0,0,0,0,2,4.0,2.0,1.0%
228,229,Maason Smith (JAC),0,3,0.0,1,0,0,0,0,3,3.8,1.3,0.8%
229,230,Yetur Gross-Matos (SF),1,3,0.0,0,0,0,0,0,4,3.8,1.0,1.1%
230,231,Tyler Baron (NYJ),1,3,0.0,0,0,0,0,0,3,3.8,1.3,1.3%
231,232,Roy Robertson-Harris (NYG),1,3,0.0,0,0,0,0,0,4,3.8,1.0,0.6%
232,233,Grady Jarrett (CHI),1,3,0.0,0,0,0,0,0,3,3.8,1.3,1.0%
233,234,Jay Tufele (NYJ),2,1,0.0,0,0,0,0,0,2,3.8,1.9,0.0%
234,235,James Pearce Jr. (ATL),0,2,0.5,0,0,0,0,0,4,3.5,0.9,2.6%
235,236,Jalyn Holmes (WAS),0,4,0.0,0,0,0,0,0,2,3.1,1.6,1.5%
236,237,Cam Jackson (CAR),1,2,0.0,0,0,0,0,0,3,3.1,1.0,1.2%
237,238,C.J. Ravenell (TEN),1,2,0.0,0,0,0,0,0,3,3.0,1.0,1.5%
238,239,Jonathan Bullard (NO),2,0,0.0,0,0,0,0,0,2,3.0,1.5,0.6%
239,240,Jadeveon Clowney (DAL),1,2,0.0,0,0,0,0,0,1,3.0,3.0,1.0%
240,241,T'Vondre Sweat (TEN),2,0,0.0,0,0,0,0,0,1,3.0,3.0,0.9%
241,242,Barryn Sorrell (GB),0,1,0.5,0,0,0,0,0,3,2.8,0.9,0.8%
242,243,Shemar Stewart (CIN),1,1,0.0,0,0,0,0,0,2,2.3,1.2,2.1%
243,244,Jordan Phillips (BUF),1,1,0.0,0,0,0,0,0,1,2.3,2.3,0.0%
244,245,Alfred Collins (SF),0,3,0.0,0,0,0,0,0,4,2.3,0.6,0.9%
245,246,T.J. Sanders (BUF),1,1,0.0,0,0,0,0,0,4,2.3,0.6,0.8%
246,247,Vernon Broughton (NO),0,3,0.0,0,0,0,0,0,1,2.3,2.3,1.0%
247,248,Tyler Lacy (DET),1,1,0.0,0,0,0,0,0,2,2.3,1.2,1.0%
248,249,Darius Alexander (NYG),1,1,0.0,0,0,0,0,0,3,2.3,0.8,1.4%
249,250,Chris Williams (CHI),1,1,0.0,0,0,0,0,0,3,2.3,0.8,1.6%
250,251,Ty Hamilton (LAR),0,3,0.0,0,0,0,0,0,3,2.3,0.8,1.2%
251,252,David Ojabo (BAL),1,1,0.0,0,0,0,0,0,2,2.3,1.2,0.7%
252,253,Josh Tupou (BAL),0,3,0.0,0,0,0,0,0,1,2.3,2.3,0.0%
253,254,Derek Barnett (HOU),1,1,0.0,0,0,0,0,0,4,2.3,0.6,0.6%
254,255,DeMarvin Leal (PIT),1,1,0.0,0,0,0,0,0,2,2.3,1.2,1.1%
255,256,C.J. West (SF),1,1,0.0,0,0,0,0,0,2,2.3,1.2,1.9%
256,257,Brent Urban (BAL),0,2,0.0,0,0,0,0,0,2,1.6,0.8,1.0%
257,258,Emmanuel Ogbah (JAC),0,2,0.0,0,0,0,0,0,4,1.6,0.4,1.1%
258,259,Howard Cross III (CIN),1,0,0.0,0,0,0,0,0,1,1.5,1.5,1.2%
259,260,Jaden Crumedy (CAR),0,2,0.0,0,0,0,0,0,3,1.5,0.5,0.0%
260,261,Khalen Saunders Sr. (JAC),0,2,0.0,0,0,0,0,0,1,1.5,1.5,0.7%
261,262,Chauncey Golston (NYG),1,0,0.0,0,0,0,0,0,2,1.5,0.8,9.7%
262,263,Boogie Basham Jr. (CAR),0,2,0.0,0,0,0,0,0,1,1.5,1.5,0.0%
263,264,Mekhi Wingo (DET),1,0,0.0,0,0,0,0,0,1,1.5,1.5,2.0%
264,265,Elijah Williams (MIN),1,0,0.0,0,0,0,0,0,2,1.5,0.8,0.0%
265,266,Mazi Smith (DAL),0,1,0.0,0,0,0,0,0,2,0.8,0.4,1.4%
266,267,Jonah Williams (NO),0,1,0.0,0,0,0,0,0,4,0.8,0.2,2.0%
267,268,JT Tuimoloau (IND),0,1,0.0,0,0,0,0,0,2,0.8,0.4,0.7%
268,269,Brandon Pili (SEA),0,1,0.0,0,0,0,0,0,3,0.8,0.3,1.0%
269,270,Larrell Murchison (LAR),0,1,0.0,0,0,0,0,0,4,0.8,0.2,0.0%
270,271,JJ Pegues (LV),0,1,0.0,0,0,0,0,0,1,0.8,0.8,1.2%
271,272,Elijah Ponder (NE),0,1,0.0,0,0,0,0,0,2,0.8,0.4,1.2%
272,273,Jay Toia (DAL),0,1,0.0,0,0,0,0,0,2,0.8,0.4,1.0%
273,274,Rakeem Nunez-Roches Sr. (NYG),0,1,0.0,0,0,0,0,0,1,0.8,0.8,0.7%
274,275,Bo Richter (MIN),0,1,0.0,0,0,0,0,0,4,0.8,0.2,1.5%
275,276,Khristian Boyd (NO),0,1,0.0,0,0,0,0,0,1,0.8,0.8,0.0%
276,277,Marvin Wilson (ARI),0,0,0.0,0,0,0,0,0,0,0.0,0.0,0.0%
277,278,Zaven Collins (ARI),5,5,0.0,0,0,0,1,1,4,0.0,0.0,4.4%
278,279,Jaylen Twyman (ARI),0,0,0.0,0,0,0,0,0,0,0.0,0.0,0.0%
279,280,Azeez Ojulari (PHI),0,0,0.0,0,0,0,0,0,0,0.0,0.0,0.7%
280,281,Baron Browning (ARI),3,5,1.0,1,1,0,0,0,4,0.0,0.0,1.2%
281,282,Joe Tryon-Shoyinka (CLE),2,2,0.0,0,0,0,0,0,4,0.0,0.0,1.1%
282,283,Levi Onwuzurike (ARI),0,0,0.0,0,0,0,0,0,0,0.0,0.0,0.1%
283,284,Brenton Cox Jr. (GB),0,0,0.0,0,0,0,0,0,1,0.0,0.0,0.7%
284,285,Charles Snowden (LV),0,0,0.0,0,0,0,0,0,2,0.0,0.0,1.1%
285,286,Victor Dimukeje (NYG),0,0,0.0,0,0,0,0,0,3,0.0,0.0,1.4%
286,287,Micah Parsons (GB),4,4,2.5,0,0,0,0,0,4,0.0,0.0,65.9%
287,288,Michael Hoecht (BUF),0,0,0.0,0,0,0,0,0,0,0.0,0.0,0.6%
288,289,Myles Adams (DET),0,0,0.0,0,0,0,0,0,0,0.0,0.0,0.6%
289,290,Alim McNeill (DET),0,0,0.0,0,0,0,0,0,0,0.0,0.0,0.7%
290,291,Mohamed Kamara (TB),0,0,0.0,0,0,0,0,0,0,0.0,0.0,1.0%
291,292,Austin Booker (CHI),0,0,0.0,0,0,0,0,0,0,0.0,0.0,0.8%
292,293,Brennan Jackson (LV),0,0,0.0,0,0,0,0,0,2,0.0,0.0,1.2%
293,294,Jalyx Hunt (PHI),2,5,0.0,0,0,1,0,0,4,0.0,0.0,0.8%
294,295,Gabe Hall (PHI),0,0,0.0,0,0,0,0,0,1,0.0,0.0,1.3%
295,296,Braiden McGregor (NYJ),2,3,0.0,0,0,0,0,0,3,0.0,0.0,1.6%
296,297,Landon Jackson (BUF),0,0,0.0,0,0,0,0,0,0,0.0,0.0,0.6%
297,298,Adisa Isaac (BAL),0,0,0.0,0,0,0,0,0,0,0.0,0.0,1.1%
298,299,Jonah Elliss (DEN),5,0,1.0,1,0,0,0,0,4,0.0,0.0,0.9%
299,300,Javon Solomon (BUF),0,0,0.0,0,0,0,0,0,4,0.0,0.0,0.0%
300,301,Cedric Johnson (CIN),0,0,0.0,0,0,0,0,0,0,0.0,0.0,0.0%
301,302,Keith Randolph Jr. (GB),0,0,0.0,0,0,0,0,0,0,0.0,0.0,0.0%
302,303,DeWayne Carter (BUF),0,0,0.0,0,0,0,0,0,0,0.0,0.0,2.7%
303,304,Jordan Jefferson (SF),0,0,0.0,0,0,0,0,0,1,0.0,0.0,1.4%
304,305,Isaiah Iton (NE),0,0,0.0,0,0,0,0,0,0,0.0,0.0,0.0%
305,306,Derrick McLendon II (MIA),0,0,0.0,0,0,0,0,0,0,0.0,0.0,0.0%
306,307,Jamree Kromah (CHI),0,0,0.0,0,0,0,0,0,0,0.0,0.0,0.0%
307,308,Taki Taimani (MIN),0,0,0.0,0,0,0,0,0,0,0.0,0.0,0.0%
308,309,Eric Watts (NYJ),0,0,0.0,0,0,0,0,0,0,0.0,0.0,0.9%
309,310,Myles Cole (CIN),0,0,0.0,0,0,0,0,0,0,0.0,0.0,0.0%
310,311,Mike Hall Jr. (CLE),0,0,0.0,0,0,0,0,0,0,0.0,0.0,1.0%
311,312,Logan Lee (PIT),0,0,0.0,0,0,0,0,0,3,0.0,0.0,1.0%
312,313,Jaylen Harrell (TEN),0,0,0.0,0,0,0,0,0,4,0.0,0.0,1.4%
313,314,Solomon Byrd (HOU),0,0,0.0,0,0,0,0,0,0,0.0,0.0,1.2%
314,315,Julius Welschof (PIT),0,0,0.0,0,0,0,0,0,0,0.0,0.0,1.0%
315,316,Evan Anderson (SF),0,0,0.0,0,0,0,0,0,0,0.0,0.0,2.3%
316,317,Kyler Baugh (PIT),0,0,0.0,0,0,0,0,0,0,0.0,0.0,0.0%
317,318,McKinnley Jackson (CIN),0,0,0.0,0,0,0,0,0,0,0.0,0.0,1.0%
318,319,Andre Jones Jr. (BUF),0,0,0.0,0,0,0,0,0,0,0.0,0.0,1.0%
319,320,Kadeem Telfort (MIA),0,0,0.0,0,0,0,0,0,0,0.0,0.0,0.0%
320,321,Desjuan Johnson (LAR),0,0,0.0,0,0,0,0,0,1,0.0,0.0,1.0%
321,322,Mike Morris (SEA),4,1,0.0,1,0,0,0,0,4,0.0,0.0,0.1%
322,323,Yasir Abdullah (JAC),0,0,0.0,0,0,0,0,0,1,0.0,0.0,1.1%
323,324,Nick Herbig (PIT),6,4,2.5,1,1,1,0,0,3,0.0,0.0,6.1%
324,325,Brodric Martin (KC),0,0,0.0,0,0,0,0,0,0,0.0,0.0,0.0%
325,326,Scott Matlock (LAC),0,0,0.0,0,0,0,0,0,4,0.0,0.0,6.3%
326,327,Jordon Riley (NYG),0,0,0.0,0,0,0,0,0,0,0.0,0.0,1.2%
327,328,Thomas Incoom (CAR),0,0,0.0,0,0,0,0,0,3,0.0,0.0,0.0%
328,329,Demontrey Jacobs (ARI),0,0,0.0,0,0,0,0,0,0,0.0,0.0,0.0%
329,330,Alex Palczewski (DEN),0,0,0.0,0,0,0,0,0,4,0.0,0.0,0.0%
330,331,Kilian Zierer (SF),0,0,0.0,0,0,0,0,0,0,0.0,0.0,0.0%
331,332,Markees Watts (TB),0,0,0.0,0,0,0,0,0,2,0.0,0.0,1.3%
332,333,Tyrus Wheat (DET),0,0,0.0,0,0,0,0,0,2,0.0,0.0,1.0%
333,334,Isaiah Land (DAL),0,0,0.0,0,0,0,0,0,0,0.0,0.0,1.2%
334,335,Truman Jones (NE),0,0,0.0,0,0,0,0,0,0,0.0,0.0,0.0%
335,336,Eku Leota (NO),0,0,0.0,0,0,0,0,0,2,0.0,0.0,1.0%
336,337,Chris Smith (DET),0,0,0.0,0,0,0,0,0,0,0.0,0.0,1.0%
337,338,Trevor Nowaske (DET),1,1,1.0,0,0,0,1,0,2,0.0,0.0,0.6%
338,339,Garrett Nelson (NO),0,0,0.0,0,0,0,0,0,1,0.0,0.0,1.0%
339,340,Carl Jones Jr. (CHI),0,0,0.0,0,0,0,0,0,3,0.0,0.0,1.0%
340,341,Gabriel Murphy (MIN),0,0,0.0,0,0,0,0,0,1,0.0,0.0,1.5%
341,342,Ethan Downs (KC),0,0,0.0,0,0,0,0,0,0,0.0,0.0,1.0%
342,343,Ricky Barber (WAS),0,0,0.0,0,0,0,0,0,0,0.0,0.0,1.0%
343,344,Alex Huntley (MIA),0,0,0.0,0,0,0,0,0,0,0.0,0.0,1.2%
344,345,Danny Striggow (JAC),0,0,0.0,0,0,0,0,0,0,0.0,0.0,1.0%
345,346,B.J. Green II (JAC),0,0,0.0,0,0,0,0,0,1,0.0,0.0,1.0%
346,347,TeRah Edwards (LAC),0,0,0.0,0,0,0,0,0,0,0.0,0.0,1.0%
347,348,Keivie Rose (JAC),0,0,0.0,0,0,0,0,0,0,0.0,0.0,1.0%
348,349,Ja'Markis Weston (NYJ),0,0,0.0,0,0,0,0,0,0,0.0,0.0,1.0%
349,350,Keith Cooper Jr. (DET),0,0,0.0,0,0,0,0,0,0,0.0,0.0,1.2%
350,351,Josh Fuga (LAC),0,0,0.0,0,0,0,0,0,0,0.0,0.0,1.0%
351,352,Desmond Watson (TB),0,0,0.0,0,0,0,0,0,0,0.0,0.0,1.1%
352,353,Tonka Hemingway (LV),0,0,0.0,0,0,0,0,0,1,0.0,0.0,1.1%
353,354,Sai'vion Jones (DEN),0,0,0.0,0,0,0,0,0,1,0.0,0.0,1.0%
354,355,Fadil Diggs (NO),0,0,0.0,0,0,0,0,0,4,0.0,0.0,1.3%
355,356,Zeek Biggers (MIA),0,0,0.0,0,0,0,0,0,1,0.0,0.0,1.2%
356,357,T.J. Maguranyanga (WAS),0,0,0.0,0,0,0,0,0,0,0.0,0.0,1.0%
357,358,Johnny Walker Jr. (DEN),0,0,0.0,0,0,0,0,0,0,0.0,0.0,1.2%
358,359,Que Robinson (DEN),0,0,0.0,0,0,0,0,0,0,0.0,0.0,1.4%
359,360,Jalen McLeod (JAC),0,0,0.0,0,0,0,0,0,0,0.0,0.0,1.0%
360,361,Warren Brinson (GB),0,0,0.0,0,0,0,0,0,0,0.0,0.0,1.0%
361,362,Kyonte Hamilton (HOU),0,0,0.0,0,0,0,0,0,0,0.0,0.0,1.0%
362,363,Tommy Akingbesote (CAR),0,0,0.0,0,0,0,0,0,0,0.0,0.0,1.4%
363,364,Jamil Muhammad (LAR),0,0,0.0,0,0,0,0,0,0,0.0,0.0,1.5%
364,365,Payton Page (NYJ),0,0,0.0,0,0,0,0,0,0,0.0,0.0,0.0%
365,366,Jahfari Harvey (LV),0,0,0.0,0,0,0,0,0,0,0.0,0.0,0.0%
366,367,Kaimon Rucker (BAL),0,0,0.0,0,0,0,0,0,0,0.0,0.0,1.1%
367,368,Laki Tasi (LV),0,0,0.0,0,0,0,0,0,0,0.0,0.0,1.5%
368,369,Luke Felix-Fualalo (PHI),0,0,0.0,0,0,0,0,0,0,0.0,0.0,0.0%
369,370,Nash Hutmacher (TB),0,0,0.0,0,0,0,0,0,0,0.0,0.0,0.0%
370,371,J.R. Singleton (SEA),0,0,0.0,0,0,0,0,0,0,0.0,0.0,1.1%
371,372,Bill Norton (LAR),0,0,0.0,0,0,0,0,0,0,0.0,0.0,1.5%
372,373,Jayson Jones (TB),0,0,0.0,0,0,0,0,0,0,0.0,0.0,1.5%
373,374,Treven Ma'ae (LV),0,0,0.0,0,0,0,0,0,0,0.0,0.0,0.0%
374,375,Connor O'Toole (SEA),0,0,0.0,0,0,0,0,0,0,0.0,0.0,1.5%
375,376,Junior Tafuna (HOU),0,0,0.0,0,0,0,0,0,0,0.0,0.0,0.0%
376,377,Sebastian Valdez (SF),0,0,0.0,0,0,0,0,0,0,0.0,0.0,1.5%
377,378,Coziah Izzard (NO),0,0,0.0,0,0,0,0,0,2,0.0,0.0,1.1%
378,379,Cam Horsley (TEN),0,0,0.0,0,0,0,0,0,0,0.0,0.0,0.0%
379,380,Tyler Batty (MIN),0,0,0.0,0,0,0,0,0,0,0.0,0.0,1.3%
380,381,Elijah Chatman (NYG),0,0,0.0,0,0,0,0,0,0,0.0,0.0,1.6%
381,382,James Ester (GB),0,0,0.0,0,0,0,0,0,0,0.0,0.0,0.0%
382,383,David Olajiga (NE),0,0,0.0,0,0,0,0,0,0,0.0,0.0,0.0%
383,384,Fabien Lovett Sr. (NE),0,0,0.0,0,0,0,0,0,0,0.0,0.0,0.0%
384,385,Denzel Daxon (ARI),0,0,0.0,0,0,0,0,0,0,0.0,0.0,0.0%
385,386,Kyle Kennard (LAC),0,1,0.0,0,0,0,0,0,2,0.0,0.0,0.6%
386,387,Bradyn Swinson (NE),0,0,0.0,0,0,0,0,0,0,0.0,0.0,0.6%
387,388,David Walker (TB),0,0,0.0,0,0,0,0,0,0,0.0,0.0,1.3%
388,389,Eric Gregory (NE),0,0,0.0,0,0,0,0,0,0,0.0,0.0,1.2%
389,390,Jared Ivey (SEA),0,0,0.0,0,0,0,0,0,1,0.0,0.0,1.5%
390,391,Rylie Mills (SEA),0,0,0.0,0,0,0,0,0,0,0.0,0.0,1.1%
391,392,Tim Smith (IND),0,0,0.0,0,0,0,0,0,0,0.0,0.0,1.2%
392,393,Ty Robinson (PHI),0,0,0.0,0,0,0,0,0,1,0.0,0.0,1.2%
393,394,Collin Oliver (GB),0,0,0.0,0,0,0,0,0,0,0.0,0.0,1.2%
394,395,Mike Green (BAL),6,6,0.0,0,0,0,0,0,4,0.0,0.0,3.6%
395,396,Jamie Sheriff (SEA),0,0,0.0,0,0,0,0,0,0,0.0,0.0,0.7%
396,397,Jack Wilson (IND),0,0,0.0,0,0,0,0,0,0,0.0,0.0,0.0%
397,398,Jalon Walker (ATL),5,4,1.0,0,0,0,0,0,4,0.0,0.0,15.8%
398,399,Walter Nolen III (ARI),0,0,0.0,0,0,0,0,0,0,0.0,0.0,0.8%
399,400,Deslin Alexandre (GB),0,0,0.0,0,0,0,0,0,0,0.0,0.0,0.0%
400,401,John Ridgeway III (NO),0,0,0.0,0,0,0,0,0,1,0.0,0.0,1.6%
401,402,Ali Gaye (TEN),0,0,0.0,0,0,0,0,0,0,0.0,0.0,1.0%
402,403,DeAngelo Malone (ATL),0,0,0.0,0,0,0,0,0,3,0.0,0.0,1.5%
403,404,Otito Ogbonnia (LAC),0,0,0.0,0,0,0,0,0,1,0.0,0.0,0.9%
404,405,D.J. Davidson (FA),0,0,0.0,0,0,0,0,0,1,0.0,0.0,1.6%
405,406,Phidarian Mathis (BUF),0,0,0.0,0,0,0,0,0,0,0.0,0.0,1.5%
406,407,Jared Harrison-Hunte (CAR),0,0,0.0,0,0,0,0,0,0,0.0,0.0,1.0%
407,408,Josh Paschal (DET),0,0,0.0,0,0,0,0,0,0,0.0,0.0,0.7%
408,409,Tyreke Smith (KC),0,0,0.0,0,0,0,0,0,0,0.0,0.0,1.1%
409,410,Zachary Carter (ARI),0,0,0.0,0,0,0,0,0,0,0.0,0.0,3.0%
410,411,LaBryan Ray (CAR),0,0,0.0,0,0,0,0,0,0,0.0,0.0,1.6%
411,412,Arron Mosby (GB),0,0,0.0,0,0,0,0,0,0,0.0,0.0,1.1%
412,413,Popo Aumavae (CAR),0,0,0.0,0,0,0,0,0,0,0.0,0.0,0.0%
413,414,Esezi Otomewo (PIT),0,0,0.0,0,0,0,0,0,0,0.0,0.0,1.1%
414,415,Cameron Goode (MIA),0,0,0.0,0,0,0,0,0,3,0.0,0.0,1.4%
415,416,Kurt Hinish (HOU),0,0,0.0,0,0,0,0,0,0,0.0,0.0,1.3%
416,417,Matt Henningsen (DEN),0,0,0.0,0,0,0,0,0,0,0.0,0.0,2.2%
417,418,Jonathan Ford (CHI),0,0,0.0,0,0,0,0,0,1,0.0,0.0,1.3%
418,419,Isaiahh Loudermilk (PIT),0,0,0.0,0,0,0,0,0,2,0.0,0.0,0.8%
419,420,Quinton Bohanna (SEA),0,0,0.0,0,0,0,0,0,1,0.0,0.0,1.2%
420,421,Earnest Brown IV (DAL),0,0,0.0,0,0,0,0,0,0,0.0,0.0,0.6%
421,422,Sam Kamara (CLE),0,0,0.0,0,0,0,0,0,0,0.0,0.0,1.0%
422,423,Jack Heflin (LAR),0,0,0.0,0,0,0,0,0,0,0.0,0.0,1.0%
423,424,Rashad Weaver (LAC),0,0,0.0,0,0,0,0,0,0,0.0,0.0,0.0%
424,425,Patrick Johnson (PHI),0,0,0.0,0,0,0,0,0,3,0.0,0.0,1.0%
425,426,Payton Turner (DAL),0,0,0.0,0,0,0,0,0,0,0.0,0.0,1.3%
426,427,Tarron Jackson (SF),0,0,0.0,0,0,0,0,0,0,0.0,0.0,0.0%
427,428,Ta'Quon Graham (ATL),0,0,0.0,0,0,0,0,0,0,0.0,0.0,1.0%
428,429,Marlon Tuipulotu (KC),0,0,0.0,0,0,0,0,0,1,0.0,0.0,1.0%
429,430,Malik Herring (KC),0,0,0.0,0,0,0,0,0,2,0.0,0.0,1.1%
430,431,Xavier Thomas (ARI),0,0,0.0,0,0,0,0,0,0,0.0,0.0,1.1%
431,432,Perrion Winfrey (DAL),0,0,0.0,0,0,0,0,0,0,0.0,0.0,0.0%
432,433,Adedayo Odeleye (DAL),0,0,0.0,0,0,0,0,0,0,0.0,0.0,1.0%
433,434,Dylan Cook (PIT),0,0,0.0,0,0,0,0,0,0,0.0,0.0,0.0%
434,435,C.J. Brewer (TB),0,0,0.0,0,0,0,0,0,0,0.0,0.0,1.3%
435,436,Jeremiah Pharms Jr. (NE),0,0,0.0,0,0,0,0,0,0,0.0,0.0,1.3%
436,437,Bralen Trice (ATL),0,0,0.0,0,0,0,0,0,0,0.0,0.0,1.0%
437,438,Felix Anudike-Uzomah (KC),0,0,0.0,0,0,0,0,0,0,0.0,0.0,3.2%
438,439,Nick Hampton (LAR),0,0,0.0,0,0,0,0,0,3,0.0,0.0,0.0%
439,440,DJ Johnson (CAR),2,0,0.0,0,0,0,0,0,4,0.0,0.0,1.3%
440,441,Haggai Ndubuisi (HOU),0,0,0.0,0,0,0,0,0,0,0.0,0.0,1.0%
441,442,James Houston (DAL),4,2,2.0,0,0,1,1,0,4,0.0,0.0,1.5%
442,443,Sam Roberts (ATL),0,0,0.0,0,0,0,0,0,0,0.0,0.0,1.5%
443,444,Zacch Pickens (KC),0,0,0.0,0,0,0,0,0,0,0.0,0.0,2.6%
444,445,Jaquelin Roy (NE),0,0,0.0,0,0,0,0,0,0,0.0,0.0,1.6%
445,446,Robert Beal Jr. (SF),0,0,0.0,0,0,0,0,0,1,0.0,0.0,0.0%
446,447,Keir Thomas II (LAR),0,0,0.0,0,0,0,0,0,0,0.0,0.0,1.0%
447,448,Isaiah Foskey (CIN),0,0,0.0,0,0,0,0,0,0,0.0,0.0,0.0%
448,449,Daniel Hardy (CHI),1,1,0.0,0,0,0,0,0,3,0.0,0.0,1.4%
449,450,Timmy Horne (TEN),0,0,0.0,0,0,0,0,0,0,0.0,0.0,1.4%
450,451,BJ Ojulari (ARI),0,0,0.0,0,0,0,0,0,0,0.0,0.0,2.1%
451,452,Khalil Mack (LAC),2,0,1.0,0,0,0,0,0,2,0.0,0.0,6.5%
452,453,Kyle Van Noy (BAL),2,2,0.0,0,0,0,0,0,2,0.0,0.0,6.5%
453,454,Johnathan Hankins (SEA),0,0,0.0,0,0,0,0,0,0,0.0,0.0,0.0%
454,455,Preston Smith (WAS),0,0,0.0,0,0,0,0,0,0,0.0,0.0,1.9%
455,456,Za'Darius Smith (PHI),2,4,0.5,0,0,0,0,0,3,0.0,0.0,0.6%
456,457,Bud Dupree (LAC),3,3,0.0,1,0,0,0,0,4,0.0,0.0,0.8%
457,458,Denico Autry (HOU),0,0,0.0,0,0,0,0,0,0,0.0,0.0,0.9%
458,459,Jordan Miller (DEN),0,0,0.0,0,0,0,0,0,0,0.0,0.0,0.0%
459,460,Von Miller (WAS),3,1,1.5,0,0,0,0,0,4,0.0,0.0,0.7%
460,461,Robaire Smith (CLE),0,0,0.0,0,0,0,0,0,0,0.0,0.0,0.0%
461,462,Demetric Evans (SF),0,0,0.0,0,0,0,0,0,0,0.0,0.0,0.0%
462,463,Stylez White (MIN),0,0,0.0,0,0,0,0,0,0,0.0,0.0,0.0%
463,464,Emmanuel Stephens (CLE),0,0,0.0,0,0,0,0,0,0,0.0,0.0,0.0%
464,465,Auston English (CLE),0,0,0.0,0,0,0,0,0,0,0.0,0.0,0.0%
465,466,Quentin Moses (MIA),0,0,0.0,0,0,0,0,0,0,0.0,0.0,0.0%
466,467,Myron Pryor (NE),0,0,0.0,0,0,0,0,0,0,0.0,0.0,0.0%
467,468,Dennis Gardeck (JAC),7,1,0.0,1,0,1,0,0,4,0.0,0.0,1.0%
468,469,Clelin Ferrell (LAC),0,0,0.0,0,0,0,0,0,0,0.0,0.0,2.1%
469,470,Rashan Gary (GB),10,7,4.5,0,0,0,0,0,4,0.0,0.0,12.1%
470,471,Jachai Polite (LAR),0,0,0.0,0,0,0,0,0,0,0.0,0.0,0.0%
471,472,Justin Jones (ARI),0,0,0.0,0,0,0,0,0,0,0.0,0.0,1.4%
472,473,Bilal Nichols (ARI),0,0,0.0,0,0,0,0,0,0,0.0,0.0,2.2%
473,474,Ogbo Okoronkwo (PHI),0,0,0.0,0,0,0,0,0,1,0.0,0.0,0.8%
474,475,Kentavius Street (ATL),0,0,0.0,0,0,0,0,0,0,0.0,0.0,0.6%
475,476,Uchenna Nwosu (SEA),5,2,2.0,0,0,0,0,0,3,0.0,0.0,1.2%
476,477,Matt Dickerson (JAC),0,0,0.0,0,0,0,0,0,0,0.0,0.0,0.1%
477,478,Jacob Martin (WAS),5,3,0.5,0,0,0,0,0,4,0.0,0.0,0.9%
478,479,L.J. Collier (ARI),1,0,0.0,0,0,0,0,0,2,0.0,0.0,2.6%
479,480,Khalid Kareem (ATL),0,0,0.0,0,0,0,0,0,0,0.0,0.0,1.1%
480,481,Benito Jones (MIA),0,0,0.0,0,0,0,0,0,3,0.0,0.0,1.6%
481,482,Alex Highsmith (PIT),6,3,1.0,0,0,0,0,0,2,0.0,0.0,16.4%
482,483,Trevis Gipson (SF),0,0,0.0,0,0,0,0,0,0,0.0,0.0,0.0%
483,484,Chase Young (NO),0,0,0.0,0,0,0,0,0,0,0.0,0.0,2.3%
484,485,Julian Okwara (CLE),0,0,0.0,0,0,0,0,0,0,0.0,0.0,1.1%
485,486,Darrell Taylor (HOU),0,0,0.0,0,0,0,0,0,2,0.0,0.0,1.0%
486,487,Anfernee Jennings (NE),2,2,0.0,0,0,0,0,0,3,0.0,0.0,1.7%
487,488,Malcolm Roach (DEN),0,0,0.0,0,0,0,0,0,0,0.0,0.0,1.3%
488,489,Carlo Kemp (GB),0,0,0.0,0,0,0,0,0,0,0.0,0.0,0.0%
489,490,William Bradley-King (SF),0,0,0.0,0,0,0,0,0,0,0.0,0.0,1.0%
490,491,Janarius Robinson (KC),0,0,0.0,0,0,0,0,0,0,0.0,0.0,1.1%
491,492,Tomon Fox (FA),0,0,0.0,0,0,0,0,0,2,0.0,0.0,1.0%
492,493,Quinton Bell (MIA),0,0,0.0,0,0,0,0,0,0,0.0,0.0,0.6%
493,494,Byron Cowart (NYJ),0,0,0.0,0,0,0,0,0,0,0.0,0.0,1.0%
494,495,Andrew Van Ginkel (MIN),5,2,2.0,2,0,0,0,0,2,0.0,0.0,35.9%
495,496,Jonathan Harris (MIN),0,0,0.0,0,0,0,0,0,0,0.0,0.0,1.0%
496,497,Matt Nelson (MIN),0,0,0.0,0,0,0,0,0,0,0.0,0.0,0.0%
497,498,Kevin Givens (SF),0,0,0.0,0,0,0,0,0,1,0.0,0.0,1.0%
498,499,Sheldon Day (WAS),0,0,0.0,0,0,0,0,0,0,0.0,0.0,0.0%
499,500,Adam Gotsis (TB),0,0,0.0,0,0,0,0,0,0,0.0,0.0,0.0%
500,501,Dean Lowry (PIT),0,0,0.0,0,0,0,0,0,1,0.0,0.0,1.0%
501,502,Matthew Judon (MIA),2,2,0.0,0,0,0,0,0,4,0.0,0.0,1.8%
502,503,Leonard Floyd (ATL),2,3,1.5,0,0,0,0,0,4,0.0,0.0,2.4%
503,504,Quinton Jefferson (DET),0,0,0.0,0,0,0,0,0,0,0.0,0.0,0.0%
504,505,Samson Ebukam (IND),5,2,1.0,0,0,0,0,0,4,0.0,0.0,0.6%
505,506,Bradley Chubb (MIA),8,4,3.0,0,0,0,0,0,4,0.0,0.0,13.9%
506,507,Taven Bryan (BAL),0,0,0.0,0,0,0,0,0,0,0.0,0.0,0.0%
507,508,Harold Landry III (NE),8,8,3.5,0,0,1,0,0,4,0.0,0.0,29.4%
508,509,Zach Wood (NO),0,0,0.0,0,0,0,0,0,0,0.0,0.0,2.5%
509,510,Carlos Watkins (TEN),0,0,0.0,0,0,0,0,0,2,0.0,0.0,2.4%
510,511,Larry Ogunjobi (BUF),0,0,0.0,0,0,0,0,0,0,0.0,0.0,0.8%
511,512,T.J. Watt (PIT),10,9,3.0,2,1,1,1,0,4,0.0,0.0,77.4%
