,Rank,Player,TACKLE,ASSIST,SACK,PD,INT,FF,FR,DEF TD,G,FPTS,FPTS/G,ROST
0,1,Tyrel Dodson (MIA),28,14,2.0,1,0,1,0,0,4,76.1,19.0,38.2%
1,2,Fred Warner (SF),22,16,0.0,3,0,2,1,0,4,66.5,16.6,92.0%
2,3,Roquan Smith (BAL),24,10,0.0,0,0,0,1,1,4,63.6,15.9,94.1%
3,4,Jordyn Brooks (MIA),28,16,1.0,0,0,0,0,0,4,63.1,15.8,57.5%
4,5,Bobby Wagner (WAS),18,24,2.0,0,0,0,0,0,4,63.1,15.8,45.4%
5,6,Tremaine Edmunds (CHI),21,19,0.0,3,2,0,0,0,4,62.9,15.7,17.8%
6,7,Foyesade Oluokun (JAC),15,15,1.0,2,1,2,1,0,4,62.9,15.7,68.5%
7,8,Patrick Queen (PIT),22,13,1.0,2,0,0,0,0,4,62.4,15.6,29.5%
8,9,T.J. Watt (PIT),10,9,3.0,2,1,1,1,0,4,62.3,15.6,77.4%
9,10,Daiyan Henley (LAC),20,11,2.0,2,1,0,0,0,4,61.9,15.5,49.9%
10,11,Jack Campbell (DET),23,12,1.0,0,0,1,1,0,4,60.6,15.2,33.6%
11,12,Ernest Jones IV (SEA),18,15,0.5,3,2,0,0,0,4,59.8,15.0,46.5%
12,13,Zack Baun (PHI),19,11,1.0,3,1,1,0,0,4,59.4,14.9,87.2%
13,14,Payton Wilson (PIT),22,11,1.0,0,0,0,1,0,4,59.3,14.8,11.5%
14,15,Quay Walker (GB),22,20,0.0,2,0,0,0,0,4,58.6,14.7,33.1%
15,16,Devin White (LV),25,9,0.0,1,0,0,0,0,4,58.4,14.6,9.2%
16,17,Demario Davis (NO),18,20,0.0,0,0,0,1,0,4,56.1,14.0,17.0%
17,18,Dee Winters (SF),24,8,0.0,2,0,0,0,0,4,52.6,13.2,4.2%
18,19,Pete Werner (NO),22,8,1.0,2,0,0,1,0,4,52.5,13.1,7.2%
19,20,Devin Bush Jr. (CLE),16,14,1.0,3,0,1,0,0,4,52.1,13.0,3.6%
20,21,Robert Spillane (NE),19,12,1.0,2,1,0,0,0,4,52.0,13.0,55.4%
21,22,Mack Wilson Sr. (ARI),18,17,0.0,4,0,0,0,0,4,50.8,12.7,7.0%
22,23,Jamien Sherwood (NYJ),15,25,0.0,1,0,0,0,0,4,50.4,12.6,44.9%
23,24,Rashan Gary (GB),10,7,4.5,0,0,0,0,0,4,48.3,12.1,12.1%
24,25,Devin Lloyd (JAC),9,8,0.0,3,3,0,1,0,4,48.1,12.0,8.9%
25,26,Edgerrin Cooper (GB),22,11,0.5,2,0,0,0,0,4,46.3,11.6,77.9%
26,27,SirVocea Dennis (TB),19,6,0.0,2,0,0,0,0,4,46.1,11.5,3.3%
27,28,Harold Landry III (NE),8,8,3.5,0,0,1,0,0,4,46.1,11.5,29.4%
28,29,Demetrius Knight Jr. (CIN),19,12,0.0,2,1,0,0,0,4,45.6,11.4,4.4%
29,30,Nick Bolton (KC),18,16,0.0,1,0,0,0,0,4,45.6,11.4,37.1%
30,31,Drue Tranquill (KC),13,11,2.0,0,0,0,1,0,4,44.9,11.2,6.3%
31,32,Kaden Elliss (ATL),13,10,1.5,1,0,0,0,0,4,44.5,11.1,59.7%
32,33,Cody Barton (TEN),18,11,0.0,1,1,0,0,0,4,44.4,11.1,8.2%
33,34,Nate Landman (LAR),14,13,0.0,1,0,1,2,0,4,44.3,11.1,16.1%
34,35,Bobby Okereke (NYG),18,20,0.0,1,0,0,0,0,4,43.6,10.9,74.0%
35,36,Lavonte David (TB),12,13,1.5,1,0,0,0,0,4,42.8,10.7,21.1%
36,37,Noah Sewell (CHI),16,13,0.0,0,0,1,0,0,4,42.8,10.7,2.4%
37,38,Nick Herbig (PIT),6,4,2.5,1,1,1,0,0,3,42.6,14.2,6.1%
38,39,Cedric Gray (TEN),20,13,0.0,0,0,0,0,0,4,42.4,10.6,1.2%
39,40,Alex Singleton (DEN),16,22,0.0,1,0,0,0,0,4,42.1,10.5,48.3%
40,41,Carson Schwesinger (CLE),14,15,1.0,0,0,0,0,0,4,41.4,10.4,14.4%
41,42,Azeez Al-Shaair (HOU),17,11,0.0,2,0,1,0,0,4,40.8,10.2,23.2%
42,43,Eric Wilson (MIN),13,11,0.0,0,0,2,0,0,4,40.8,10.2,1.3%
43,44,Terrel Bernard (BUF),13,7,0.0,1,1,0,1,0,4,40.3,10.1,25.9%
44,45,Kenneth Murray Jr. (DAL),16,14,0.0,0,0,0,0,0,4,39.6,9.9,7.2%
45,46,Jack Sanborn (DAL),15,17,0.0,1,0,0,0,0,4,39.3,9.8,2.5%
46,47,Henry To'oTo'o (HOU),13,12,1.0,1,0,0,0,0,4,39.1,9.8,8.1%
47,48,Jihaad Campbell (PHI),12,10,0.0,2,1,1,0,0,4,37.6,9.4,7.9%
48,49,Ivan Pace Jr. (MIN),17,11,0.0,0,0,0,0,0,4,36.4,9.1,8.8%
49,50,Bradley Chubb (MIA),8,4,3.0,0,0,0,0,0,4,34.5,8.6,13.9%
50,51,Derrick Barnes (DET),12,12,1.0,0,0,0,0,0,4,33.5,8.4,3.5%
51,52,Tyrice Knight (SEA),16,9,0.0,0,0,0,0,0,4,33.4,8.4,9.3%
52,53,Justin Strnad (DEN),6,12,2.0,1,0,0,0,0,4,32.6,8.2,1.6%
53,54,Logan Wilson (CIN),12,13,0.0,3,0,0,0,0,4,32.4,8.1,27.4%
54,55,Christian Rozeboom (CAR),15,13,0.0,0,0,0,0,0,4,32.4,8.1,9.7%
55,56,Frankie Luvu (WAS),10,14,1.0,0,0,0,0,0,4,32.1,8.0,16.2%
56,57,Germaine Pratt (LV),10,15,0.0,2,0,0,0,0,4,31.8,8.0,12.2%
57,58,Quincy Williams (NYJ),8,7,1.5,2,0,0,0,0,3,31.3,10.4,13.9%
58,59,Divine Deablo (ATL),6,12,0.5,3,0,0,1,0,4,31.2,7.8,21.5%
59,60,James Houston (DAL),4,2,2.0,0,0,1,1,0,4,31.1,7.8,1.5%
60,61,Akeem Davis-Gaither (ARI),12,12,0.0,1,0,0,0,0,4,31.0,7.8,3.0%
61,62,Alex Anzalone (DET),10,10,1.5,1,0,0,0,0,4,30.1,7.5,13.5%
62,63,Zaire Franklin (IND),10,12,0.0,3,0,0,0,0,4,28.5,7.1,86.1%
63,64,Trevin Wallace (CAR),13,5,0.0,1,0,0,0,0,4,27.3,6.8,2.3%
64,65,Teddye Buchanan (BAL),11,12,0.0,0,0,0,0,0,4,25.6,6.4,1.1%
65,66,Leo Chenal (KC),8,6,0.0,1,1,0,0,0,4,25.6,6.4,2.2%
66,67,Troy Dye (LAC),7,14,1.0,0,0,0,0,0,4,25.2,6.3,0.8%
67,68,Andrew Van Ginkel (MIN),5,2,2.0,2,0,0,0,0,2,25.0,12.5,35.9%
68,69,Zaven Collins (ARI),5,5,0.0,0,0,0,1,1,4,23.9,6.0,4.4%
69,70,Baron Browning (ARI),3,5,1.0,1,1,0,0,0,4,23.9,6.0,1.2%
70,71,Uchenna Nwosu (SEA),5,2,2.0,0,0,0,0,0,3,22.0,7.3,1.2%
71,72,Micah Parsons (GB),4,4,2.5,0,0,0,0,0,4,21.5,5.4,65.9%
72,73,Joe Bachie (IND),10,8,0.0,0,0,0,0,0,4,21.1,5.3,0.7%
73,74,Jonah Elliss (DEN),5,0,1.0,1,0,0,0,0,4,20.5,5.1,0.9%
74,75,Omar Speights (LAR),11,5,0.0,0,0,0,0,0,4,20.3,5.1,3.7%
75,76,Jack Gibbens (NE),9,2,0.0,0,0,0,0,0,4,20.0,5.0,0.7%
76,77,Dennis Gardeck (JAC),7,1,0.0,1,0,1,0,0,4,19.3,4.8,1.0%
77,78,Drake Thomas (SEA),6,2,1.0,1,0,0,0,0,4,18.6,4.7,0.6%
78,79,Elandon Roberts (LV),8,5,0.0,0,0,0,0,0,4,18.4,4.6,2.4%
79,80,Samson Ebukam (IND),5,2,1.0,0,0,0,0,0,4,18.1,4.5,0.6%
80,81,Alex Highsmith (PIT),6,3,1.0,0,0,0,0,0,2,17.8,8.9,16.4%
81,82,Matt Milano (BUF),6,3,1.0,0,0,0,0,0,2,17.8,8.9,4.4%
82,83,Dorian Williams (BUF),7,7,0.0,1,0,0,0,0,4,17.4,4.4,5.9%
83,84,Jalon Walker (ATL),5,4,1.0,0,0,0,0,0,4,17.2,4.3,15.8%
84,85,Leonard Floyd (ATL),2,3,1.5,0,0,0,0,0,4,16.3,4.1,2.4%
85,86,Mike Green (BAL),6,6,0.0,0,0,0,0,0,4,16.0,4.0,3.6%
86,87,Jalyx Hunt (PHI),2,5,0.0,0,0,1,0,0,4,15.8,4.0,0.8%
87,88,Isaiah McDuffie (GB),6,5,0.0,0,0,0,0,0,4,15.3,3.8,0.8%
88,89,Cole Holcomb (PIT),7,1,0.0,0,0,1,0,0,3,15.3,5.1,1.0%
89,90,Oren Burks (CIN),3,5,0.0,0,0,1,0,0,4,14.9,3.7,1.5%
90,91,Shaq Thompson (BUF),6,2,0.0,1,0,0,0,0,3,14.5,4.8,0.7%
91,92,Von Miller (WAS),3,1,1.5,0,0,0,0,0,4,13.8,3.5,0.7%
92,93,Trevor Nowaske (DET),1,1,1.0,0,0,0,1,0,2,12.8,6.4,0.6%
93,94,Darius Muasau (NYG),4,5,0.0,0,0,0,0,0,3,12.3,4.1,0.7%
94,95,Jacob Martin (WAS),5,3,0.5,0,0,0,0,0,4,11.9,3.0,0.9%
95,96,Marcelino McCrary-Ball (NYJ),5,5,0.0,0,0,0,0,0,3,11.3,3.8,0.6%
96,97,Trenton Simpson (BAL),4,3,0.0,0,0,0,0,0,4,10.8,2.7,2.9%
97,98,Mike Morris (SEA),4,1,0.0,1,0,0,0,0,4,10.8,2.7,0.1%
98,99,Kiko Mauigoa (NYJ),4,6,0.0,0,0,0,0,0,4,10.7,2.7,0.8%
99,100,Damone Clark (DAL),4,6,0.0,0,0,0,0,0,3,10.6,3.5,1.3%
100,101,Za'Darius Smith (PHI),2,4,0.5,0,0,0,0,0,3,10.5,3.5,0.6%
101,102,Khalil Mack (LAC),2,0,1.0,0,0,0,0,0,2,9.5,4.8,6.5%
102,103,Barrett Carter (CIN),4,4,0.0,0,0,0,0,0,3,9.1,3.0,0.7%
103,104,Bud Dupree (LAC),3,3,0.0,1,0,0,0,0,4,8.3,2.1,0.8%
104,105,Austin Keys (MIN),1,0,1.0,0,0,0,0,0,1,8.0,8.0,1.0%
105,106,Marte Mapu (NE),1,0,0.0,1,1,0,0,0,4,8.0,2.0,0.6%
106,107,Zach Cunningham (DET),3,1,0.0,0,0,0,0,0,3,7.8,2.6,0.9%
107,108,E.J. Speed (HOU),3,3,0.0,0,0,0,0,0,4,6.8,1.7,7.9%
108,109,Christian Harris (HOU),3,0,0.0,1,0,0,0,0,4,6.0,1.5,3.2%
109,110,Willie Gay Jr. (MIA),1,2,0.0,0,0,0,0,0,3,5.5,1.8,1.0%
110,111,Ventrell Miller (JAC),1,1,0.0,2,0,0,0,0,3,5.3,1.8,0.7%
111,112,Mohamoud Diabate (CLE),2,3,0.0,0,0,0,0,0,4,5.3,1.3,0.7%
112,113,Jerome Baker (CLE),1,5,0.0,0,0,0,0,0,4,5.3,1.3,1.3%
113,114,Braiden McGregor (NYJ),2,3,0.0,0,0,0,0,0,3,5.3,1.8,1.6%
114,115,Matthew Judon (MIA),2,2,0.0,0,0,0,0,0,4,4.6,1.2,1.8%
115,116,Luke Gifford (SF),0,6,0.0,0,0,0,0,0,4,4.6,1.2,0.7%
116,117,Kyle Van Noy (BAL),2,2,0.0,0,0,0,0,0,2,4.5,2.3,6.5%
117,118,Anfernee Jennings (NE),2,2,0.0,0,0,0,0,0,3,4.5,1.5,1.7%
118,119,Joe Andreessen (BUF),3,0,0.0,0,0,0,0,0,3,4.5,1.5,0.6%
119,120,Joe Tryon-Shoyinka (CLE),2,2,0.0,0,0,0,0,0,4,4.5,1.1,1.1%
120,121,Shemar James (DAL),1,4,0.0,0,0,0,0,0,1,4.5,4.5,1.0%
121,122,Dorian Mausi (TEN),0,0,0.0,0,0,0,1,0,3,4.0,1.3,1.0%
122,123,Blake Cashman (MIN),2,1,0.0,0,0,0,0,0,1,3.8,3.8,19.8%
123,124,Kyzir White (TEN),2,1,0.0,0,0,0,0,0,1,3.8,3.8,2.7%
124,125,Austin Ajiake (IND),1,2,0.0,0,0,0,0,0,3,3.0,1.0,1.6%
125,126,DJ Johnson (CAR),2,0,0.0,0,0,0,0,0,4,3.0,0.8,1.3%
126,127,T.J. Edwards (CHI),0,4,0.0,0,0,0,0,0,2,3.0,1.5,38.2%
127,128,Grant Stuard (DET),1,2,0.0,0,0,0,0,0,4,3.0,0.8,0.8%
128,129,Marist Liufau (DAL),2,0,0.0,0,0,0,0,0,4,3.0,0.8,1.9%
129,130,Ruben Hyppolite II (CHI),1,1,0.0,0,0,0,0,0,3,2.3,0.8,0.7%
130,131,Daniel Hardy (CHI),1,1,0.0,0,0,0,0,0,3,2.3,0.8,1.4%
131,132,Micah McFadden (NYG),1,1,0.0,0,0,0,0,0,1,2.3,2.3,7.9%
132,133,Jack Kiser (JAC),1,1,0.0,0,0,0,0,0,1,2.3,2.3,0.8%
133,134,Jordan Magee (WAS),1,0,0.0,0,0,0,0,0,3,1.5,0.5,0.6%
134,135,Deion Jones (TB),1,0,0.0,0,0,0,0,0,4,1.5,0.4,0.2%
135,136,Cameron McGrone (IND),1,0,0.0,0,0,0,0,0,3,1.5,0.5,0.7%
136,137,L.J. Collier (ARI),1,0,0.0,0,0,0,0,0,2,1.5,0.8,2.6%
137,138,Isaiah Stalbird (NO),0,0,0.0,1,0,0,0,0,2,1.5,0.8,0.0%
138,139,Jake Hummel (BAL),0,2,0.0,0,0,0,0,0,4,1.5,0.4,0.6%
139,140,Kyle Kennard (LAC),0,1,0.0,0,0,0,0,0,2,0.8,0.4,0.6%
140,141,Tatum Bethune (SF),0,1,0.0,0,0,0,0,0,3,0.8,0.3,1.2%
141,142,Swayze Bozeman (NYG),0,1,0.0,0,0,0,0,0,2,0.8,0.4,0.1%
142,143,Kobe King (MIN),0,1,0.0,0,0,0,0,0,2,0.8,0.4,0.7%
143,144,Jeremiah Trotter Jr. (PHI),0,0,0.0,0,0,0,0,0,4,0.0,0.0,0.7%
144,145,Anthony Pittman (FA),0,0,0.0,0,0,0,0,0,1,0.0,0.0,0.0%
145,146,Troy Reeder (LAR),0,0,0.0,0,0,0,0,0,4,0.0,0.0,1.2%
146,147,Matt Orzech (GB),0,0,0.0,0,0,0,0,0,0,0.0,0.0,0.0%
147,148,Yetur Gross-Matos (SF),1,3,0.0,0,0,0,0,0,4,0.0,0.0,1.1%
148,149,Mitchell Fraboni (DEN),0,0,0.0,0,0,0,0,0,2,0.0,0.0,0.0%
149,150,D.J. Wonnum (CAR),2,4,0.0,2,1,0,0,0,3,0.0,0.0,3.6%
150,151,Monty Rice (FA),0,0,0.0,0,0,0,0,0,1,0.0,0.0,1.1%
151,152,Julian Okwara (CLE),0,0,0.0,0,0,0,0,0,0,0.0,0.0,1.1%
152,153,Malik Harrison (PIT),0,0,0.0,0,0,0,0,0,1,0.0,0.0,1.1%
153,154,K'Lavon Chaisson (NE),5,4,2.5,0,0,0,0,0,4,0.0,0.0,1.2%
154,155,Joshua Uche (PHI),4,4,0.0,0,0,0,0,0,4,0.0,0.0,1.4%
155,156,Darrell Taylor (HOU),0,0,0.0,0,0,0,0,0,2,0.0,0.0,1.0%
156,157,Jonathan Greenard (MIN),6,5,1.0,0,0,1,0,0,4,0.0,0.0,35.0%
157,158,Jacob Phillips (IND),0,0,0.0,0,0,0,0,0,0,0.0,0.0,0.0%
158,159,Trevis Gipson (SF),0,0,0.0,0,0,0,0,0,0,0.0,0.0,0.0%
159,160,Khalid Kareem (ATL),0,0,0.0,0,0,0,0,0,0,0.0,0.0,1.1%
160,161,Jahlani Tavai (NE),0,0,0.0,0,0,0,0,0,0,0.0,0.0,1.3%
161,162,Jacob Bobenmoyer (LV),0,0,0.0,0,0,0,0,0,1,0.0,0.0,0.0%
162,163,Darius Harris (NE),0,0,0.0,0,0,0,0,0,1,0.0,0.0,1.0%
163,164,Del'Shawn Phillips (LAC),0,0,0.0,0,0,0,0,0,2,0.0,0.0,2.0%
164,165,Nick Moore (BAL),0,0,0.0,0,0,0,0,0,0,0.0,0.0,0.0%
165,166,Demetrius Flannigan-Fowles (NYG),0,0,0.0,0,0,0,0,0,1,0.0,0.0,1.0%
166,167,Anthony Nelson (TB),4,0,0.0,0,0,1,0,0,4,0.0,0.0,0.6%
167,168,Quinton Bell (MIA),0,0,0.0,0,0,0,0,0,0,0.0,0.0,0.6%
168,169,Joe Giles-Harris (CIN),0,0,0.0,0,0,0,0,0,0,0.0,0.0,1.0%
169,170,Liam McCullough (ATL),0,0,0.0,0,0,0,0,0,0,0.0,0.0,0.0%
170,171,Michael Hoecht (BUF),0,0,0.0,0,0,0,0,0,0,0.0,0.0,0.6%
171,172,Ross Matiscik (JAC),0,0,0.0,0,0,0,0,0,1,0.0,0.0,0.0%
172,173,Mykal Walker (NYJ),0,0,0.0,0,0,0,0,0,1,0.0,0.0,0.0%
173,174,Carlo Kemp (GB),0,0,0.0,0,0,0,0,0,0,0.0,0.0,0.0%
174,175,Tomon Fox (FA),0,0,0.0,0,0,0,0,0,2,0.0,0.0,1.0%
175,176,William Bradley-King (SF),0,0,0.0,0,0,0,0,0,0,0.0,0.0,1.0%
176,177,Krys Barnes (CAR),0,0,0.0,0,0,0,0,0,0,0.0,0.0,1.0%
177,178,Bryce Huff (SF),7,4,2.0,1,0,1,0,0,4,0.0,0.0,2.1%
178,179,Kristian Welch (GB),0,0,0.0,0,0,0,0,0,0,0.0,0.0,1.1%
179,180,Sam Franklin Jr. (BUF),0,0,0.0,0,0,0,0,0,2,0.0,0.0,1.2%
180,181,Cole Christiansen (KC),0,0,0.0,0,0,0,0,0,0,0.0,0.0,1.0%
181,182,Adisa Isaac (BAL),0,0,0.0,0,0,0,0,0,0,0.0,0.0,1.1%
182,183,Smael Mondon Jr. (PHI),0,0,0.0,0,0,0,0,0,0,0.0,0.0,0.6%
183,184,Jack Sawyer (PIT),5,2,1.0,1,0,0,0,0,4,0.0,0.0,1.2%
184,185,Junior Colson (LAC),0,0,0.0,0,0,0,0,0,0,0.0,0.0,1.9%
185,186,Princely Umanmielen (CAR),2,1,1.0,0,0,0,0,0,4,0.0,0.0,0.7%
186,187,Jamon Johnson (GB),0,0,0.0,0,0,0,0,0,0,0.0,0.0,1.1%
187,188,Jordan Burch (ARI),3,4,0.0,0,0,0,0,0,4,0.0,0.0,0.7%
188,189,Jaylan Ford (NO),0,0,0.0,0,0,0,0,0,2,0.0,0.0,1.3%
189,190,Javon Solomon (BUF),0,0,0.0,0,0,0,0,0,4,0.0,0.0,0.0%
190,191,Dallas Turner (MIN),5,7,1.0,0,0,0,0,0,4,0.0,0.0,4.5%
191,192,Cedric Johnson (CIN),0,0,0.0,0,0,0,0,0,0,0.0,0.0,0.0%
192,193,Tommy Eichenberg (LV),0,0,0.0,0,0,0,0,0,4,0.0,0.0,0.6%
193,194,Chris Braswell (TB),3,0,0.0,0,0,0,0,0,4,0.0,0.0,1.3%
194,195,Ty'Ron Hopper (GB),0,0,0.0,0,0,0,0,0,3,0.0,0.0,0.6%
195,196,Chop Robinson (MIA),3,0,1.0,0,0,0,0,0,4,0.0,0.0,3.2%
196,197,Markees Watts (TB),0,0,0.0,0,0,0,0,0,2,0.0,0.0,1.3%
197,198,Thomas Incoom (CAR),0,0,0.0,0,0,0,0,0,3,0.0,0.0,0.0%
198,199,Otis Reese IV (BUF),0,0,0.0,0,0,0,0,0,0,0.0,0.0,1.2%
199,200,Isaiah Land (DAL),0,0,0.0,0,0,0,0,0,0,0.0,0.0,1.2%
200,201,Jaylen Harrell (TEN),0,0,0.0,0,0,0,0,0,4,0.0,0.0,1.4%
201,202,Julius Welschof (PIT),0,0,0.0,0,0,0,0,0,0,0.0,0.0,1.0%
202,203,Nathaniel Watson (CLE),0,0,0.0,0,0,0,0,0,0,0.0,0.0,1.1%
203,204,Bo Richter (MIN),0,1,0.0,0,0,0,0,0,4,0.0,0.0,1.5%
204,205,Jamal Hill (HOU),0,0,0.0,0,0,0,0,0,1,0.0,0.0,1.0%
205,206,Jaylon Carlies (IND),0,0,0.0,0,0,0,0,0,0,0.0,0.0,2.3%
206,207,Curtis Jacobs (TEN),0,0,0.0,0,0,0,0,0,0,0.0,0.0,0.0%
207,208,Marshawn Kneeland (DAL),4,4,1.0,0,0,0,0,0,4,0.0,0.0,0.8%
208,209,James Williams Sr. (TEN),0,0,0.0,0,0,0,0,0,2,0.0,0.0,0.8%
209,210,Mohamed Kamara (TB),0,0,0.0,0,0,0,0,0,0,0.0,0.0,1.0%
210,211,Austin Booker (CHI),0,0,0.0,0,0,0,0,0,0,0.0,0.0,0.8%
211,212,Brennan Jackson (LV),0,0,0.0,0,0,0,0,0,2,0.0,0.0,1.2%
212,213,Edefuan Ulofoshio (CLE),0,0,0.0,0,0,0,0,0,0,0.0,0.0,1.0%
213,214,JD Bertrand (ATL),0,0,0.0,0,0,0,0,0,2,0.0,0.0,0.6%
214,215,Eric Watts (NYJ),0,0,0.0,0,0,0,0,0,0,0.0,0.0,0.9%
215,216,Myles Cole (CIN),0,0,0.0,0,0,0,0,0,0,0.0,0.0,0.0%
216,217,Malik Hamm (BAL),0,0,0.0,0,0,0,0,0,0,0.0,0.0,1.5%
217,218,Garrett Nelson (NO),0,0,0.0,0,0,0,0,0,1,0.0,0.0,1.0%
218,219,Tuli Tuipulotu (LAC),11,6,4.0,2,0,1,0,0,4,0.0,0.0,5.8%
219,220,Byron Young (LAR),15,8,5.0,0,0,1,0,0,4,0.0,0.0,29.9%
220,221,Yasir Abdullah (JAC),0,0,0.0,0,0,0,0,0,1,0.0,0.0,1.1%
221,222,Tavius Robinson (BAL),9,8,2.0,1,0,1,0,0,4,0.0,0.0,3.2%
222,223,Owen Pappoe (ARI),0,0,0.0,0,0,0,0,0,4,0.0,0.0,0.6%
223,224,Anfernee Orji (TEN),0,0,0.0,0,0,0,0,0,0,0.0,0.0,1.1%
224,225,Zaire Barnes (NYG),0,0,0.0,0,0,0,0,0,0,0.0,0.0,1.2%
225,226,DeMarvion Overshown (DAL),0,0,0.0,0,0,0,0,0,0,0.0,0.0,4.7%
226,227,Gabriel Murphy (MIN),0,0,0.0,0,0,0,0,0,1,0.0,0.0,1.5%
227,228,Jared Verse (LAR),10,7,2.0,0,0,2,0,0,4,0.0,0.0,30.2%
228,229,Drew Sanders (DEN),0,0,0.0,0,0,0,0,0,0,0.0,0.0,0.9%
229,230,Bralen Trice (ATL),0,0,0.0,0,0,0,0,0,0,0.0,0.0,1.0%
230,231,Andre Carter II (DET),0,0,0.0,0,0,0,0,0,0,0.0,0.0,1.1%
231,232,Yaya Diaby (TB),9,3,1.0,0,0,0,0,0,4,0.0,0.0,9.6%
232,233,Nick Hampton (LAR),0,0,0.0,0,0,0,0,0,3,0.0,0.0,0.0%
233,234,Keion White (NE),2,2,0.0,0,0,0,0,0,3,0.0,0.0,1.1%
234,235,Lukas Van Ness (GB),5,4,0.5,0,0,0,0,0,4,0.0,0.0,1.4%
235,236,Shaka Heyward (CIN),0,0,0.0,0,0,0,0,0,4,0.0,0.0,0.0%
236,237,Ben VanSumeren (PHI),0,0,0.0,0,0,0,0,0,0,0.0,0.0,1.4%
237,238,Claudin Cherelus (CAR),0,0,0.0,0,0,0,0,0,1,0.0,0.0,0.1%
238,239,Cam Jones (NYJ),0,0,0.0,0,0,0,0,0,3,0.0,0.0,0.7%
239,240,Eku Leota (NO),0,0,0.0,0,0,0,0,0,2,0.0,0.0,1.0%
240,241,Jalen Graham (SF),0,0,0.0,0,0,0,0,0,0,0.0,0.0,0.6%
241,242,Caleb Murphy (LAC),4,2,0.5,0,0,0,0,0,4,0.0,0.0,1.1%
242,243,Patrick O'Connell (SEA),0,0,0.0,0,0,0,0,0,0,0.0,0.0,1.0%
243,244,Keonta Jenkins (BUF),0,0,0.0,0,0,0,0,0,2,0.0,0.0,1.6%
244,245,Johnny Walker Jr. (DEN),0,0,0.0,0,0,0,0,0,0,0.0,0.0,1.2%
245,246,Karene Reid (DEN),0,0,0.0,0,0,0,0,0,1,0.0,0.0,1.2%
246,247,John Bullock (TB),0,0,0.0,0,0,0,0,0,3,0.0,0.0,1.0%
247,248,Brandon George (KC),0,0,0.0,0,0,0,0,0,0,0.0,0.0,1.2%
248,249,Marlowe Wax (LAC),0,0,0.0,0,0,0,0,0,3,0.0,0.0,0.6%
249,250,Carson Bruener (PIT),0,0,0.0,0,0,0,0,0,3,0.0,0.0,1.1%
250,251,Garmon Randolph (LAC),0,0,0.0,0,0,0,0,0,0,0.0,0.0,1.0%
251,252,Justin Barron (DAL),0,0,0.0,0,0,0,0,0,0,0.0,0.0,1.0%
252,253,Lance Dixon (PHI),0,0,0.0,0,0,0,0,0,0,0.0,0.0,1.2%
253,254,Chaz Chambliss (MIN),2,0,1.0,0,0,0,0,0,3,0.0,0.0,1.0%
254,255,Branson Combs (JAC),0,0,0.0,0,0,0,0,0,0,0.0,0.0,1.2%
255,256,Ja'Markis Weston (NYJ),0,0,0.0,0,0,0,0,0,0,0.0,0.0,1.0%
256,257,Kain Medrano (WAS),0,0,0.0,0,0,0,0,0,0,0.0,0.0,0.6%
257,258,Elliott Brown (ARI),0,0,0.0,0,0,0,0,0,0,0.0,0.0,1.0%
258,259,Chris Paul Jr. (SEA),0,0,0.0,0,0,0,0,0,0,0.0,0.0,0.6%
259,260,Tyler Batty (MIN),0,0,0.0,0,0,0,0,0,0,0.0,0.0,1.3%
260,261,Cody Lindenberg (LV),0,0,0.0,0,0,0,0,0,1,0.0,0.0,1.0%
261,262,Shaun Dolac (LAR),0,0,0.0,0,0,0,0,0,4,0.0,0.0,1.1%
262,263,Cody Simon (ARI),0,0,0.0,0,0,0,0,0,3,0.0,0.0,0.7%
263,264,Jalen McLeod (JAC),0,0,0.0,0,0,0,0,0,0,0.0,0.0,1.0%
264,265,Oluwafemi Oladejo (TEN),2,6,0.0,0,0,0,0,0,4,0.0,0.0,2.4%
265,266,Jeffrey Bassa (KC),0,0,0.0,0,0,0,0,0,2,0.0,0.0,0.8%
266,267,Fadil Diggs (NO),0,0,0.0,0,0,0,0,0,4,0.0,0.0,1.3%
267,268,T.J. Maguranyanga (WAS),0,0,0.0,0,0,0,0,0,0,0.0,0.0,1.0%
268,269,Que Robinson (DEN),0,0,0.0,0,0,0,0,0,0,0.0,0.0,1.4%
269,270,Bam Martin-Scott (CAR),0,0,0.0,0,0,0,0,0,2,0.0,0.0,1.6%
270,271,Elijah Ponder (NE),0,1,0.0,0,0,0,0,0,2,0.0,0.0,1.2%
271,272,Nick Martin (SF),0,0,0.0,0,0,0,0,0,0,0.0,0.0,1.5%
272,273,Jordan Turner (DEN),0,0,0.0,0,0,0,0,0,0,0.0,0.0,0.0%
273,274,Kaimon Rucker (BAL),0,0,0.0,0,0,0,0,0,0,0.0,0.0,1.1%
274,275,Ale Kaho (WAS),0,0,0.0,0,0,0,0,0,0,0.0,0.0,1.0%
275,276,Cooper McDonald (KC),0,0,0.0,0,0,0,0,0,3,0.0,0.0,0.0%
276,277,Jamil Muhammad (LAR),0,0,0.0,0,0,0,0,0,0,0.0,0.0,1.5%
277,278,Connor O'Toole (SEA),0,0,0.0,0,0,0,0,0,0,0.0,0.0,1.5%
278,279,Mapalo Mwansa (CAR),0,0,0.0,0,0,0,0,0,0,0.0,0.0,1.0%
279,280,Jackson Woodard (HOU),0,0,0.0,0,0,0,0,0,0,0.0,0.0,1.5%
280,281,Jared Bartlett (ARI),0,0,0.0,0,0,0,0,0,0,0.0,0.0,0.0%
281,282,Chandler Martin (BAL),0,0,0.0,0,0,0,0,0,0,0.0,0.0,1.5%
282,283,Easton Mascarenas-Arnold (CLE),0,0,0.0,0,0,0,0,0,2,0.0,0.0,1.5%
283,284,Tyler Baron (NYJ),1,3,0.0,0,0,0,0,0,3,0.0,0.0,1.3%
284,285,Jay Higgins IV (BAL),0,0,0.0,0,0,0,0,0,2,0.0,0.0,1.5%
285,286,Elias Neal (LAR),0,0,0.0,0,0,0,0,0,0,0.0,0.0,0.0%
286,287,Levelle Bailey (DEN),0,0,0.0,0,0,0,0,0,0,0.0,0.0,2.1%
287,288,Derrick McLendon II (MIA),0,0,0.0,0,0,0,0,0,0,0.0,0.0,0.0%
288,289,Carl Jones Jr. (CHI),0,0,0.0,0,0,0,0,0,3,0.0,0.0,1.0%
289,290,Jackson Sirmon (NYJ),0,0,0.0,0,0,0,0,0,0,0.0,0.0,0.0%
290,291,Maema Njongmeta (CAR),0,0,0.0,0,0,0,0,0,1,0.0,0.0,0.0%
291,292,Jimmy Ciarlo (BUF),0,0,0.0,0,0,0,0,0,0,0.0,0.0,1.0%
292,293,Winston Reid (CLE),0,0,0.0,0,0,0,0,0,1,0.0,0.0,1.5%
293,294,Jared Ivey (SEA),0,0,0.0,0,0,0,0,0,1,0.0,0.0,1.5%
294,295,Danny Stutsman (NO),0,0,0.0,0,0,0,0,0,4,0.0,0.0,1.1%
295,296,James Pearce Jr. (ATL),0,2,0.5,0,0,0,0,0,4,0.0,0.0,2.6%
296,297,Nic Scourton (CAR),2,3,0.0,1,0,0,0,0,4,0.0,0.0,1.2%
297,298,Abdul Carter (NYG),6,3,0.5,0,0,0,0,0,4,0.0,0.0,19.8%
298,299,Josaiah Stewart (LAR),3,0,1.0,1,0,0,0,0,4,0.0,0.0,0.6%
299,300,Collin Oliver (GB),0,0,0.0,0,0,0,0,0,0,0.0,0.0,1.2%
300,301,Bradyn Swinson (NE),0,0,0.0,0,0,0,0,0,0,0.0,0.0,0.6%
301,302,David Walker (TB),0,0,0.0,0,0,0,0,0,0,0.0,0.0,1.3%
302,303,Jamie Sheriff (SEA),0,0,0.0,0,0,0,0,0,0,0.0,0.0,0.7%
303,304,Dondrea Tillman (DEN),4,5,0.0,0,0,0,0,0,4,0.0,0.0,0.6%
304,305,Jon Rhattigan (PIT),0,0,0.0,0,0,0,0,0,0,0.0,0.0,1.0%
305,306,Christian Elliss (NE),11,12,0.0,0,0,0,0,0,4,0.0,0.0,9.0%
306,307,Amen Ogbongbemiga (CHI),0,0,0.0,0,0,0,0,0,0,0.0,0.0,1.3%
307,308,Zayne Anderson (GB),0,0,0.0,0,0,0,0,0,2,0.0,0.0,1.1%
308,309,Boogie Basham Jr. (CAR),0,2,0.0,0,0,0,0,0,1,0.0,0.0,0.0%
309,310,Buddy Johnson (IND),0,0,0.0,0,0,0,0,0,0,0.0,0.0,1.0%
310,311,Chris Rumph II (NO),5,3,1.0,1,0,1,0,0,4,0.0,0.0,0.0%
311,312,Patrick Jones II (CAR),4,1,0.0,1,0,0,0,0,2,0.0,0.0,0.6%
312,313,Nick Niemann (GB),0,0,0.0,0,0,0,0,0,3,0.0,0.0,1.0%
313,314,Sam Kamara (CLE),0,0,0.0,0,0,0,0,0,0,0.0,0.0,1.0%
314,315,Curtis Robinson (SF),0,0,0.0,0,0,0,0,0,0,0.0,0.0,1.5%
315,316,Garret Wallow (DEN),0,0,0.0,0,0,0,0,0,3,0.0,0.0,1.0%
316,317,David Ojabo (BAL),1,1,0.0,0,0,0,0,0,2,0.0,0.0,0.7%
317,318,Nakobe Dean (PHI),0,0,0.0,0,0,0,0,0,0,0.0,0.0,12.3%
318,319,Arnold Ebiketie (ATL),6,4,0.0,0,0,0,0,0,4,0.0,0.0,2.1%
319,320,Brendon White (NYJ),0,0,0.0,0,0,0,0,0,0,0.0,0.0,2.2%
320,321,Xavier Thomas (ARI),0,0,0.0,0,0,0,0,0,0,0.0,0.0,1.1%
321,322,Kayvon Thibodeaux (NYG),8,3,2.5,1,0,0,0,0,4,0.0,0.0,11.5%
322,323,Kingsley Enagbare (GB),2,3,0.0,0,0,0,0,0,4,0.0,0.0,0.7%
323,324,Jermaine Johnson II (NYJ),2,5,0.0,1,0,0,0,0,2,0.0,0.0,4.1%
324,325,Patrick Johnson (PHI),0,0,0.0,0,0,0,0,0,3,0.0,0.0,1.0%
325,326,Brenton Cox Jr. (GB),0,0,0.0,0,0,0,0,0,1,0.0,0.0,0.7%
326,327,Charles Snowden (LV),0,0,0.0,0,0,0,0,0,2,0.0,0.0,1.1%
327,328,Rashad Weaver (LAC),0,0,0.0,0,0,0,0,0,0,0.0,0.0,0.0%
328,329,Jaelan Phillips (MIA),5,6,0.0,0,0,0,1,0,4,0.0,0.0,4.5%
329,330,Jonathon Cooper (DEN),7,5,2.5,1,0,0,0,0,4,0.0,0.0,10.2%
330,331,Tarron Jackson (SF),0,0,0.0,0,0,0,0,0,0,0.0,0.0,0.0%
331,332,K.J. Britt (MIA),0,0,0.0,0,0,0,0,0,3,0.0,0.0,0.6%
332,333,Victor Dimukeje (NYG),0,0,0.0,0,0,0,0,0,3,0.0,0.0,1.4%
333,334,Azeez Ojulari (PHI),0,0,0.0,0,0,0,0,0,0,0.0,0.0,0.7%
334,335,Rex Sunahara (CLE),0,0,0.0,0,0,0,0,0,1,0.0,0.0,0.0%
335,336,Jeremiah Owusu-Koramoah (CLE),0,0,0.0,0,0,0,0,0,0,0.0,0.0,1.0%
336,337,Odafe Oweh (BAL),5,4,0.0,0,0,0,0,0,4,0.0,0.0,3.4%
337,338,Chazz Surratt (SEA),0,0,0.0,0,0,0,0,0,4,0.0,0.0,0.6%
338,339,Ade Ogundeji (ARI),0,0,0.0,0,0,0,0,0,0,0.0,0.0,0.0%
339,340,Travon Walker (JAC),5,7,2.0,1,0,0,0,0,4,0.0,0.0,19.1%
340,341,Boye Mafe (SEA),1,4,0.0,1,0,0,0,0,4,0.0,0.0,4.0%
341,342,Mark Robinson (NYJ),0,0,0.0,0,0,0,0,0,3,0.0,0.0,1.4%
342,343,Chance Campbell (PHI),0,0,0.0,0,0,0,0,0,0,0.0,0.0,1.5%
343,344,Jacoby Jones (WAS),0,0,0.0,0,0,0,0,0,1,0.0,0.0,0.0%
344,345,Troy Andersen (ATL),0,0,0.0,0,0,0,0,0,0,0.0,0.0,2.4%
345,346,Segun Olubi (IND),0,0,0.0,0,0,0,0,0,4,0.0,0.0,0.6%
346,347,BJ Ojulari (ARI),0,0,0.0,0,0,0,0,0,0,0.0,0.0,2.1%
347,348,Derick Hall (SEA),4,5,0.0,0,0,0,0,0,4,0.0,0.0,1.1%
348,349,Nolan Smith Jr. (PHI),4,6,0.0,0,0,1,0,0,3,0.0,0.0,13.5%
349,350,Jack Cochrane (KC),0,0,0.0,0,0,0,0,0,3,0.0,0.0,1.3%
350,351,Keir Thomas II (LAR),0,0,0.0,0,0,0,0,0,0,0.0,0.0,1.0%
351,352,Kana'i Mauga (LAC),0,0,0.0,0,0,0,0,0,0,0.0,0.0,1.0%
352,353,Cameron Thomas (CLE),1,3,0.5,0,0,0,0,0,4,0.0,0.0,1.1%
353,354,DeAngelo Malone (ATL),0,0,0.0,0,0,0,0,0,3,0.0,0.0,1.5%
354,355,Nephi Sewell (NO),0,0,0.0,0,0,0,0,0,1,0.0,0.0,2.1%
355,356,J.J. Russell (ARI),0,0,0.0,0,0,0,0,0,0,0.0,0.0,1.0%
356,357,Arron Mosby (GB),0,0,0.0,0,0,0,0,0,0,0.0,0.0,1.1%
357,358,Deslin Alexandre (GB),0,0,0.0,0,0,0,0,0,0,0.0,0.0,0.0%
358,359,Cameron Goode (MIA),0,0,0.0,0,0,0,0,0,3,0.0,0.0,1.4%
359,360,Brian Asamoah II (LV),0,0,0.0,0,0,0,0,0,0,0.0,0.0,1.1%
360,361,Chad Muma (IND),0,0,0.0,0,0,0,0,0,2,0.0,0.0,1.3%
361,362,Tyreke Smith (KC),0,0,0.0,0,0,0,0,0,0,0.0,0.0,1.1%
362,363,Nik Bonitto (DEN),9,4,4.5,0,0,0,0,0,4,0.0,0.0,40.9%
363,364,Channing Tindall (ARI),0,0,0.0,0,0,0,0,0,0,0.0,0.0,1.1%
364,365,Ali Gaye (TEN),0,0,0.0,0,0,0,0,0,0,0.0,0.0,1.0%
365,366,D'Marco Jackson (CHI),0,0,0.0,0,0,0,0,0,1,0.0,0.0,1.3%
366,367,Malcolm Rodriguez (DET),0,0,0.0,0,0,0,0,0,0,0.0,0.0,3.9%
367,368,Nick Jackson (TB),0,0,0.0,0,0,0,0,0,0,0.0,0.0,0.0%
368,369,Jake Hansen (HOU),0,0,0.0,0,0,0,0,0,3,0.0,0.0,2.2%
369,370,Tom Wort (TEN),0,0,0.0,0,0,0,0,0,0,0.0,0.0,0.0%
370,371,J.T. Thomas (JAC),0,0,0.0,0,0,0,0,0,0,0.0,0.0,0.0%
371,372,Jadeveon Clowney (DAL),1,2,0.0,0,0,0,0,0,1,0.0,0.0,1.0%
372,373,Markell Carter (NE),0,0,0.0,0,0,0,0,0,0,0.0,0.0,0.0%
373,374,Ross Homan (MIN),0,0,0.0,0,0,0,0,0,0,0.0,0.0,0.0%
374,375,Akinola Ayodele (BUF),0,0,0.0,0,0,0,0,0,0,0.0,0.0,0.0%
375,376,Scott McKillop (SF),0,0,0.0,0,0,0,0,0,0,0.0,0.0,0.0%
376,377,Nick Bellore (WAS),0,0,0.0,0,0,0,0,0,2,0.0,0.0,1.3%
377,378,Nathan Triplett (LAC),0,0,0.0,0,0,0,0,0,0,0.0,0.0,0.0%
378,379,Sione Takitaki (MIN),0,0,0.0,0,0,0,0,0,0,0.0,0.0,1.0%
379,380,Thomas Hennessy (NYJ),0,0,0.0,0,0,0,0,0,0,0.0,0.0,0.0%
380,381,Jamal Adams (LV),10,2,0.0,0,0,0,0,0,4,0.0,0.0,1.1%
381,382,Luke Rhodes (IND),0,0,0.0,0,0,0,0,0,0,0.0,0.0,0.0%
382,383,Anthony Walker Jr. (IND),0,0,0.0,0,0,0,0,0,0,0.0,0.0,0.6%
383,384,Tanoh Kpassagnon (CHI),4,1,1.0,0,0,0,0,0,4,0.0,0.0,1.9%
384,385,Haason Reddick (TB),7,5,1.0,1,0,0,0,0,4,0.0,0.0,3.6%
385,386,Ezekiel Turner (DET),0,0,0.0,0,0,0,0,0,0,0.0,0.0,4.5%
386,387,Ben Niemann (NYJ),0,0,0.0,0,0,0,0,0,0,0.0,0.0,1.6%
387,388,Dre'Mont Jones (TEN),5,4,0.0,0,0,0,0,0,4,0.0,0.0,0.6%
388,389,Brian Burns (NYG),14,6,5.0,3,0,1,0,0,4,0.0,0.0,39.7%
389,390,Carl Granderson (NO),16,4,4.5,2,0,0,0,0,4,0.0,0.0,21.4%
390,391,Josh Hines-Allen (JAC),7,3,0.5,1,0,0,0,0,4,0.0,0.0,19.3%
391,392,Dre Greenlaw (DEN),0,0,0.0,0,0,0,0,0,0,0.0,0.0,8.2%
392,393,Jachai Polite (LAR),0,0,0.0,0,0,0,0,0,0,0.0,0.0,0.0%
393,394,Josh Woods (ATL),0,0,0.0,0,0,0,0,0,2,0.0,0.0,0.0%
394,395,Arden Key (TEN),2,2,1.0,0,0,0,0,0,4,0.0,0.0,1.4%
395,396,Marcus Davenport (DET),3,2,1.0,0,0,0,0,0,2,0.0,0.0,0.7%
396,397,Ronnie Harrison Jr. (ATL),0,0,0.0,0,0,0,0,0,0,0.0,0.0,2.7%
397,398,Josh Sweat (ARI),6,2,3.0,0,0,2,0,0,4,0.0,0.0,5.1%
398,399,Christian Kuntz (PIT),0,0,0.0,0,0,0,0,0,0,0.0,0.0,3.7%
399,400,Scott Daly (CHI),0,0,0.0,0,0,0,0,0,1,0.0,0.0,0.0%
400,401,Chris Board (NYG),1,0,0.0,0,0,0,0,0,1,0.0,0.0,1.0%
401,402,Trent Sieg (DAL),0,0,0.0,0,0,0,0,0,0,0.0,0.0,0.0%
402,403,Ogbo Okoronkwo (PHI),0,0,0.0,0,0,0,0,0,1,0.0,0.0,0.8%
403,404,Ja'Whaun Bentley (PIT),0,0,0.0,0,0,0,0,0,0,0.0,0.0,1.0%
404,405,Neville Hewitt (NYG),0,0,0.0,0,0,0,0,0,2,0.0,0.0,1.0%
405,406,Dante Fowler Jr. (DAL),1,2,0.0,1,0,0,0,0,4,0.0,0.0,0.9%
406,407,Preston Smith (WAS),0,0,0.0,0,0,0,0,0,0,0.0,0.0,1.9%
407,408,Danielle Hunter (HOU),7,5,4.0,0,0,1,1,0,4,0.0,0.0,27.3%
408,409,Denzel Perryman (LAC),0,0,0.0,0,0,0,0,0,1,0.0,0.0,0.8%
409,410,Jihad Ward (TEN),2,2,0.0,0,0,0,0,0,4,0.0,0.0,1.5%
410,411,Reid Ferguson (BUF),0,0,0.0,0,0,0,0,0,1,0.0,0.0,0.0%
411,412,Casey Kreiter (NYG),0,0,0.0,0,0,0,0,0,0,0.0,0.0,0.0%
412,413,Joe Cardona (MIA),0,0,0.0,0,0,0,0,0,0,0.0,0.0,0.0%
413,414,Charley Hughlett (PHI),0,0,0.0,0,0,0,0,0,1,0.0,0.0,0.0%
414,415,Morgan Cox (TEN),0,0,0.0,0,0,0,0,0,0,0.0,0.0,0.0%
415,416,Jon Weeks (SF),0,0,0.0,0,0,0,0,0,0,0.0,0.0,0.0%
416,417,Aaron Brewer (ARI),0,0,0.0,0,0,0,0,0,0,0.0,0.0,0.0%
417,418,Joey Bosa (BUF),4,4,2.0,0,0,4,0,0,4,0.0,0.0,7.1%
418,419,Emmanuel Ogbah (JAC),0,2,0.0,0,0,0,0,0,4,0.0,0.0,1.1%
419,420,Tyler Ott (WAS),0,0,0.0,0,0,0,0,0,0,0.0,0.0,0.0%
420,421,Rick Lovato (LAC),0,0,0.0,0,0,0,0,0,0,0.0,0.0,0.0%
421,422,Andrew DePaola (MIN),0,0,0.0,0,0,0,0,0,1,0.0,0.0,0.0%
422,423,Josh Harris (LAC),0,0,0.0,0,0,0,0,0,0,0.0,0.0,0.0%
423,424,JJ Jansen (CAR),0,0,0.0,0,0,0,0,0,0,0.0,0.0,0.0%
