,Unnamed: 0_level_0,Unnamed: 1_level_0,RECEIVING,RECEIVING,RECEIVING,RECEIVING,RECEIVING,RECEIVING,RECEIVING,RUSHING,RUSHING,RUSHING,MISC,MISC,MISC,MISC,MISC
,Rank,Player,REC,TGT,YDS,Y/R,LG,20+,TD,ATT,YDS,TD,FL,G,FPTS,FPTS/G,ROST
0,1,George Kittle (SF),78,94,1106,14.2,43,21,8,0,0,0,0,15,158.6,10.6,98.7%
1,2,Brock Bowers (LV),112,153,1194,10.7,57,15,5,5,13,0,0,17,150.7,8.9,99.8%
2,3,Trey McBride (ARI),111,147,1146,10.3,37,10,2,1,2,1,0,16,138.8,8.7,99.7%
3,4,Jonnu Smith (PIT),88,111,884,10.0,57,4,8,2,-1,0,1,17,134.3,7.9,42.0%
4,5,Mark Andrews (BAL),55,69,673,12.2,67,6,11,4,5,0,0,17,133.8,7.9,88.8%
5,6,Sam LaPorta (DET),60,83,726,12.1,52,11,7,0,0,0,0,16,114.6,7.2,99.2%
6,7,Tucker Kraft (GB),50,70,707,14.1,67,11,7,3,6,0,1,17,113.3,6.7,88.0%
7,8,Zach Ertz (WAS),66,91,654,9.9,37,7,7,0,0,0,0,17,111.4,6.6,64.5%
8,9,Pat Freiermuth (PIT),65,78,653,10.0,30,7,7,0,0,0,2,17,103.3,6.1,14.1%
9,10,Travis Kelce (KC),97,133,823,8.5,38,9,3,1,1,0,1,16,98.4,6.2,98.4%
10,11,David Njoku (CLE),64,97,505,7.9,29,4,5,0,0,0,0,11,84.5,7.7,92.9%
11,12,Kyle Pitts Sr. (ATL),47,74,602,12.8,52,7,4,0,0,0,0,17,84.2,5.0,73.3%
12,13,Isaiah Likely (BAL),42,58,477,11.4,49,4,6,0,0,0,1,16,81.7,5.1,20.4%
13,14,Cade Otton (TB),59,87,600,10.2,44,7,4,1,-4,0,1,14,81.6,5.8,15.4%
14,15,Taysom Hill (NO),23,31,187,8.1,34,2,0,39,278,6,1,8,80.3,10.0,2.5%
15,16,Hunter Henry (NE),66,97,674,10.2,35,4,2,0,0,0,0,16,79.4,5.0,48.2%
16,17,Mike Gesicki (CIN),65,83,665,10.2,47,5,2,0,0,0,1,17,76.5,4.5,5.7%
17,18,Cole Kmet (CHI),47,55,474,10.1,31,7,4,0,0,0,0,17,73.4,4.3,4.0%
18,19,Noah Gray (KC),40,49,437,10.9,35,6,5,1,-4,0,0,17,73.3,4.3,1.6%
19,20,Juwan Johnson (NO),50,66,548,11.0,30,8,3,0,0,0,0,17,72.8,4.3,28.0%
20,21,Foster Moreau (NO),32,43,413,12.9,41,7,5,0,0,0,0,17,71.3,4.2,0.7%
21,22,Tyler Conklin (LAC),51,72,449,8.8,27,7,4,1,0,0,0,16,70.9,4.4,1.1%
22,23,Dalton Schultz (HOU),53,85,532,10.0,32,5,2,0,0,0,0,17,65.2,3.8,13.4%
23,24,Austin Hooper (NE),45,59,476,10.6,38,5,3,0,0,0,1,17,63.6,3.7,0.6%
24,25,Chig Okonkwo (TEN),52,70,479,9.2,70,4,2,1,17,0,1,17,61.6,3.6,22.2%
25,26,Dallas Goedert (PHI),42,52,496,11.8,61,6,2,0,0,0,0,10,61.6,6.2,71.0%
26,27,Will Dissly (LAC),50,64,481,9.6,29,5,2,0,0,0,0,15,60.1,4.0,0.9%
27,28,Dalton Kincaid (BUF),44,75,448,10.2,29,5,2,0,0,0,0,13,56.8,4.4,77.1%
28,29,Noah Fant (CIN),48,64,500,10.4,32,3,1,0,0,0,0,14,56.0,4.0,2.4%
29,30,Brenton Strange (JAC),40,53,411,10.3,30,7,2,0,0,0,1,17,51.1,3.0,26.2%
30,31,Jordan Akins (FA),40,58,390,9.8,21,3,2,0,0,0,0,16,51.0,3.2,1.0%
31,32,AJ Barner (SEA),30,38,245,8.2,20,1,4,0,0,0,0,17,48.5,2.9,1.3%
32,33,T.J. Hockenson (MIN),41,62,455,11.1,34,5,0,0,0,0,0,10,45.5,4.6,96.5%
33,34,Jake Ferguson (DAL),59,86,494,8.4,27,6,0,0,0,0,2,14,45.4,3.2,75.0%
34,35,Josh Oliver (MIN),22,28,258,11.7,28,5,3,0,0,0,0,15,43.8,2.9,0.7%
35,36,Evan Engram (DEN),47,64,365,7.8,24,2,1,0,0,0,1,9,42.5,4.7,85.2%
36,37,Ja'Tavion Sanders (CAR),33,43,342,10.4,46,6,1,0,0,0,0,16,40.2,2.5,6.5%
37,38,Theo Johnson (NYG),29,43,331,11.4,35,4,1,0,0,0,0,12,39.1,3.3,4.3%
38,39,Dawson Knox (BUF),22,33,311,14.1,39,7,1,0,0,0,0,16,37.1,2.3,1.2%
39,40,Grant Calcaterra (PHI),24,30,298,12.4,34,6,1,0,0,0,0,17,35.8,2.1,0.6%
40,41,Colby Parkinson (LAR),30,49,294,9.8,23,2,1,0,0,0,0,17,35.4,2.1,1.0%
41,42,Tommy Tremble (CAR),23,32,234,10.2,38,2,2,0,0,0,1,12,33.4,2.8,0.6%
42,43,Josh Whyle (GB),28,37,248,8.9,33,3,1,0,0,0,0,17,32.8,1.9,1.1%
43,44,Nick Vannett (MIN),17,20,135,7.9,24,1,3,0,0,0,0,13,31.5,2.4,0.0%
44,45,Adam Trautman (DEN),13,22,188,14.5,37,2,2,0,0,0,0,17,30.8,1.8,0.7%
45,46,Luke Schoonmaker (DAL),27,36,241,8.9,24,3,1,0,0,0,0,17,30.1,1.8,0.6%
46,47,Nate Adkins (DEN),14,15,115,8.2,16,0,3,0,0,0,0,17,29.5,1.7,1.0%
47,48,Elijah Higgins (ARI),20,24,172,8.6,23,1,2,0,0,0,0,17,29.2,1.7,0.6%
48,49,Johnny Mundt (JAC),19,27,142,7.5,20,1,2,0,0,0,0,15,26.2,1.7,0.0%
49,50,Darnell Washington (PIT),19,25,200,10.5,29,3,1,0,0,0,0,17,26.0,1.5,1.0%
50,51,Payne Durham (TB),11,14,115,10.5,31,2,2,0,0,0,0,16,23.5,1.5,1.1%
51,52,Brock Wright (DET),13,16,100,7.7,16,0,2,0,0,0,0,17,22.0,1.3,0.6%
52,53,Mo Alie-Cox (IND),12,22,147,12.3,22,2,1,0,0,0,0,17,20.7,1.2,0.6%
53,54,Tanner Hudson (CIN),19,23,154,8.1,19,0,1,1,1,0,1,11,19.5,1.8,2.3%
54,55,Charlie Kolar (BAL),9,11,131,14.6,55,2,1,1,2,0,0,13,19.3,1.5,0.1%
55,56,Cade Stover (HOU),15,22,133,8.9,27,1,1,0,0,0,0,15,19.3,1.3,0.6%
56,57,Stone Smartt (NYJ),16,19,208,13.0,31,4,0,0,0,0,1,9,18.8,2.1,1.0%
57,58,Tyler Higbee (LAR),8,12,66,8.3,17,0,2,0,0,0,0,3,18.6,6.2,3.9%
58,59,Kylen Granson (PHI),14,31,182,13.0,40,3,0,0,0,0,0,16,18.2,1.1,1.2%
59,60,Drew Ogletree (IND),9,14,109,12.1,22,3,1,0,0,0,0,17,16.9,1.0,1.1%
60,61,Drew Sample (CIN),20,22,109,5.5,12,0,1,1,-4,0,0,17,16.5,1.0,1.0%
61,62,Erick All Jr. (CIN),20,22,158,7.9,28,1,0,0,0,0,0,9,15.8,1.8,1.0%
62,63,Eric Saubert (SEA),11,14,97,8.8,17,0,1,0,0,0,0,13,15.7,1.2,1.8%
63,64,Michael Mayer (LV),21,32,156,7.4,29,1,0,0,0,0,0,11,15.6,1.4,2.6%
64,65,Lucas Krull (DEN),19,23,152,8.0,23,1,0,0,0,0,0,13,15.2,1.2,1.8%
65,66,Daniel Bellinger (NYG),14,17,125,8.9,17,0,0,0,0,0,0,17,12.5,0.7,0.6%
66,67,Blake Whiteheart (CLE),6,9,51,8.5,29,1,1,0,0,0,0,11,11.1,1.0,0.0%
67,68,Kenny Yeboah (DET),5,8,47,9.4,13,0,1,0,0,0,0,7,10.7,1.5,0.0%
68,69,Jeremy Ruckert (NYJ),18,28,105,5.8,12,0,0,0,0,0,0,17,10.5,0.6,1.2%
69,70,Julian Hill (MIA),12,19,100,8.3,17,0,0,0,0,0,0,16,10.0,0.6,0.6%
70,71,MyCole Pruitt (FA),6,10,40,6.7,18,0,1,0,0,0,0,8,10.0,1.3,1.0%
71,72,Connor Heyward (PIT),6,8,40,6.7,16,0,1,0,0,0,0,17,10.0,0.6,0.0%
72,73,Quintin Morris (JAC),5,8,36,7.2,14,0,1,0,0,0,0,10,9.6,1.0,1.4%
73,74,Chris Manhertz (NYG),3,4,30,10.0,16,0,1,0,0,0,0,17,9.0,0.5,0.0%
74,75,Devin Culp (TB),5,6,88,17.6,26,2,0,0,0,0,0,5,8.8,1.8,1.2%
75,76,Brevyn Spann-Ford (DAL),9,14,88,9.8,18,0,0,0,0,0,0,17,8.8,0.5,0.0%
76,77,Ben Sinnott (WAS),5,5,28,5.6,12,0,1,0,0,0,0,17,8.8,0.5,1.3%
77,78,Harrison Bryant (HOU),9,12,86,9.6,18,0,0,0,0,0,0,6,8.6,1.4,0.0%
78,79,Hayden Hurst (FA),8,13,73,9.1,27,1,0,0,0,0,0,7,7.3,1.0,1.3%
79,80,E.J. Jenkins (PHI),1,2,7,7.0,7,0,1,0,0,0,0,8,6.7,0.8,1.0%
80,81,Luke Farrell (SF),12,17,67,5.6,11,0,0,0,0,0,0,12,6.7,0.6,0.6%
81,82,John Bates (WAS),8,13,84,10.5,20,1,0,0,0,0,1,17,6.4,0.4,0.6%
82,83,Hunter Long (JAC),7,9,60,8.6,18,0,0,0,0,0,0,11,6.0,0.5,0.0%
83,84,Durham Smythe (CHI),9,17,53,5.9,8,0,0,0,0,0,0,14,5.3,0.4,1.1%
84,85,Peyton Hendershot (FA),5,5,51,10.2,15,0,0,0,0,0,0,5,5.1,1.0,0.0%
85,86,Charlie Woerner (ATL),7,12,46,6.6,13,0,0,0,0,0,0,16,4.6,0.3,0.0%
86,87,Pharaoh Brown (FA),8,12,65,8.1,17,0,0,0,0,0,1,10,4.5,0.5,0.0%
87,88,Luke Musgrave (GB),7,10,45,6.4,19,0,0,0,0,0,0,7,4.5,0.6,1.1%
88,89,Ben Sims (GB),4,5,42,10.5,28,1,0,0,0,0,0,17,4.2,0.2,0.0%
89,90,Tucker Fisk (LAC),7,8,39,5.6,10,0,0,0,0,0,0,9,3.9,0.4,1.0%
90,91,Davis Allen (LAR),6,13,39,6.5,13,0,0,0,0,0,0,14,3.9,0.3,1.0%
91,92,Tip Reiman (ARI),6,7,37,6.2,14,0,0,0,0,0,0,17,3.7,0.2,0.0%
92,93,Gerald Everett (FA),8,13,36,4.5,17,0,0,0,0,0,0,10,3.6,0.4,1.4%
93,94,Will Mallory (IND),4,8,29,7.3,10,0,0,0,0,0,0,10,2.9,0.3,1.0%
94,95,Greg Dulcich (MIA),5,12,28,5.6,9,0,0,0,0,0,0,9,2.8,0.3,5.8%
95,96,Cam Grandy (CIN),5,5,28,5.6,9,0,0,0,0,0,0,8,2.8,0.4,0.0%
96,97,Shane Zylstra (DET),1,1,22,22.0,22,1,0,0,0,0,0,12,2.2,0.2,1.1%
97,98,Dallin Holker (FA),3,4,21,7.0,10,0,0,0,0,0,0,12,2.1,0.2,1.0%
98,99,Jaheim Bell (FA),2,3,20,10.0,19,0,0,0,0,0,0,13,2.0,0.2,1.0%
99,100,Tanner Conner (MIA),3,4,16,5.3,11,0,0,0,0,0,0,7,1.6,0.2,1.0%
100,101,Josiah Deguara (ARI),3,3,14,4.7,8,0,0,0,0,0,0,7,1.4,0.2,0.0%
101,102,Jack Stoll (NO),2,3,10,5.0,6,0,0,0,0,0,0,5,1.0,0.2,0.0%
102,103,Eric Tomlinson (FA),2,4,9,4.5,7,0,0,0,0,0,0,5,0.9,0.2,0.0%
103,104,John Samuel Shenker (FA),1,1,7,7.0,7,0,0,0,0,0,0,3,0.7,0.2,0.0%
104,105,Jared Wiley (KC),1,1,7,7.0,7,0,0,0,0,0,0,7,0.7,0.1,1.0%
105,106,Brevin Jordan (HOU),2,3,7,3.5,4,0,0,0,0,0,0,2,0.7,0.4,1.0%
106,107,Ian Thomas (LV),3,6,7,2.3,3,0,0,0,0,0,0,3,0.7,0.2,0.0%
107,108,Geoff Swaim (FA),1,1,7,7.0,7,0,0,0,0,0,0,3,0.7,0.2,0.0%
108,109,David Martin-Robinson (TEN),1,2,6,6.0,6,0,0,0,0,0,0,5,0.6,0.1,0.0%
109,110,Jody Fortson Jr. (FA),1,3,5,5.0,5,0,0,0,0,0,0,3,0.5,0.2,0.0%
110,111,Ross Dwelley (DET),1,1,5,5.0,5,0,0,0,0,0,0,4,0.5,0.1,0.0%
111,112,Zach Davidson (FA),1,2,5,5.0,5,0,0,0,0,0,0,3,0.5,0.2,1.0%
112,113,Marcedes Lewis (FA),1,2,2,2.0,2,0,0,0,0,0,0,6,0.2,0.0,0.0%
113,114,John FitzPatrick (GB),1,1,2,2.0,2,0,0,0,0,0,0,9,0.2,0.0,0.0%
114,115,Stephen Sullivan (FA),0,1,0,0.0,0,0,0,0,0,0,0,1,0.0,0.0,0.0%
115,116,Mitchell Fraboni (DEN),0,0,0,0.0,0,0,0,0,0,0,0,4,0.0,0.0,0.0%
116,117,Parker Hesse (FA),0,0,0,0.0,0,0,0,0,0,0,0,3,0.0,0.0,0.0%
117,118,Matt Orzech (GB),0,0,0,0.0,0,0,0,0,0,0,0,2,0.0,0.0,0.0%
118,119,Feleipe Franks (ATL),1,3,12,12.0,12,0,0,0,0,0,0,9,0.0,0.0,0.0%
119,120,Brayden Willis (SF),0,2,0,0.0,0,0,0,0,0,0,0,9,0.0,0.0,0.0%
120,121,Zack Kuntz (FA),0,0,0,0.0,0,0,0,0,0,0,0,1,0.0,0.0,2.5%
121,122,Brady Russell (SEA),0,0,0,0.0,0,0,0,0,0,0,0,11,0.0,0.0,0.0%
122,123,Travis Vokolek (ARI),0,0,0,0.0,0,0,0,0,0,0,0,1,0.0,0.0,0.0%
123,124,Leroy Watson IV (FA),0,0,0,0.0,0,0,0,0,0,0,0,3,0.0,0.0,1.0%
124,125,Jake Tonges (SF),0,0,0,0.0,0,0,0,0,0,0,0,11,0.0,0.0,4.6%
125,126,Rodney Williams (FA),0,0,0,0.0,0,0,0,0,0,0,0,1,0.0,0.0,0.0%
126,127,Thomas Odukoya (TEN),0,0,0,0.0,0,0,0,0,0,0,0,1,0.0,0.0,1.0%
127,128,Jack Westover (NE),0,0,0,0.0,0,0,0,0,0,0,0,2,0.0,0.0,0.0%
128,129,Brenden Bates (HOU),0,1,0,0.0,0,0,0,0,0,0,0,2,0.0,0.0,0.0%
129,130,Colson Yankoff (WAS),0,0,0,0.0,0,0,0,0,0,0,0,4,0.0,0.0,1.1%
130,131,Princeton Fant (DAL),0,0,0,0.0,0,0,0,0,0,0,0,5,0.0,0.0,0.0%
131,132,Tanner McLachlan (FA),0,0,0,0.0,0,0,0,0,0,0,0,2,0.0,0.0,0.0%
132,133,Baylor Cupp (FA),0,1,0,0.0,0,0,0,0,0,0,0,1,0.0,0.0,0.0%
133,134,Teagan Quitoriano (ATL),0,0,0,0.0,0,0,0,0,0,0,0,1,0.0,0.0,0.0%
134,135,Nick Muse (FA),0,0,0,0.0,0,0,0,0,0,0,0,1,0.0,0.0,0.0%
135,136,Ko Kieft (TB),0,0,0,0.0,0,0,0,0,0,0,0,17,0.0,0.0,0.0%
136,137,Justin Shorter (LV),0,0,0,0.0,0,0,0,0,0,0,0,7,0.0,0.0,1.9%
137,138,Jordan Matthews (FA),0,1,0,0.0,0,0,0,0,0,0,0,2,0.0,0.0,0.0%
138,139,Anthony Firkser (FA),0,0,0,0.0,0,0,0,0,0,0,0,1,0.0,0.0,0.0%
139,140,Andrew Beck (NYJ),0,2,0,0.0,0,0,0,0,0,0,0,2,0.0,0.0,0.0%
140,141,Irv Smith Jr. (HOU),0,0,0,0.0,0,0,0,0,0,0,0,5,0.0,0.0,0.0%
141,142,C.J. Uzomah (FA),0,0,0,0.0,0,0,0,0,0,0,0,2,0.0,0.0,0.0%
142,143,Zach Wood (NO),0,0,0,0.0,0,0,0,0,0,0,0,3,0.0,0.0,2.5%
143,144,Andrew DePaola (MIN),0,0,0,0.0,0,0,0,0,0,0,0,2,0.0,0.0,0.0%
144,145,Patrick Scales (FA),0,0,0,0.0,0,0,0,0,0,0,0,1,0.0,0.0,0.0%
145,146,James Winchester (KC),0,0,0,0.0,0,0,0,0,0,0,0,2,0.0,0.0,0.0%
